1.000000000000000048e-04 3.972377453465013612e-04
1.237499999999999993e-04 3.972377453465013612e-04
1.531299999999999925e-04 3.972377453465013612e-04
1.894900000000000035e-04 3.972377453465013612e-04
2.344900000000000131e-04 3.972377453465013612e-04
2.901700000000000221e-04 3.972377453465013612e-04
3.590700000000000163e-04 3.972377453465013612e-04
4.443399999999999911e-04 3.972377453465013612e-04
5.498499999999999482e-04 3.972377453465013612e-04
6.804200000000000482e-04 3.972377453465013612e-04
8.419900000000000344e-04 3.972377453465013612e-04
1.041899999999999901e-03 3.889865964816438819e-04
1.289299999999999951e-03 3.548289514852739370e-04
1.595499999999999913e-03 3.143870226147940541e-04
1.974399999999999853e-03 2.710911848736133768e-04
2.443199999999999972e-03 2.287691449542449552e-04
3.023399999999999872e-03 1.905114806376292035e-04
3.741299999999999921e-03 1.580304134026900675e-04
4.629699999999999614e-03 1.316517428794830439e-04
5.729099999999999991e-03 1.113563407348357686e-04
7.089500000000000315e-03 9.507254384310448892e-05
8.772999999999999549e-03 8.134066636142665363e-05
1.085599999999999933e-02 6.927035949331751237e-05
1.343399999999999976e-02 5.840512453220233385e-05
1.662399999999999989e-02 4.859236559115087033e-05
2.057200000000000001e-02 3.988494304571161620e-05
2.545700000000000046e-02 3.236381459094809566e-05
3.150200000000000222e-02 2.603646244496369671e-05
3.898200000000000276e-02 2.088812162039888564e-05
4.823899999999999716e-02 1.683112524851083095e-05
5.969399999999999706e-02 1.372768636599786862e-05
7.386800000000000310e-02 1.141850312990624208e-05
9.140900000000000414e-02 9.728611033206910683e-06
1.131199999999999983e-01 8.490624046953962231e-06
1.399700000000000111e-01 7.572257758192245759e-06
1.732100000000000029e-01 6.874515582125145709e-06
2.143400000000000027e-01 6.335697184518954340e-06
2.652399999999999758e-01 5.909071572278327083e-06
3.282300000000000217e-01 5.566699839411649062e-06
4.061699999999999755e-01 5.293329351156550383e-06
5.026199999999999557e-01 5.078226706863201146e-06
6.219700000000000228e-01 4.911871343833864395e-06
7.696600000000000108e-01 4.786226295109885800e-06
9.524200000000000443e-01 4.694296212274147631e-06
1.178600000000000092e+00 4.629175274253231048e-06
1.458399999999999919e+00 4.585140786177146651e-06
1.804799999999999960e+00 4.555589052586138905e-06
2.233299999999999841e+00 4.536234744505984990e-06
2.763700000000000045e+00 4.524912960817622350e-06
3.419900000000000162e+00 4.520458852243187803e-06
4.232000000000000206e+00 4.521647775728793311e-06
5.236900000000000333e+00 4.526322552067204270e-06
6.480500000000000149e+00 4.531104322309836099e-06
8.019299999999999429e+00 4.531294106207333904e-06
9.923600000000000421e+00 4.520698860171834473e-06
1.227999999999999936e+01 4.493690314307651764e-06
1.519599999999999973e+01 4.446217896285017696e-06
1.880399999999999849e+01 4.376188655525527780e-06
2.326999999999999957e+01 4.284082678229114198e-06
2.879500000000000171e+01 4.172041713683458228e-06
3.563300000000000267e+01 4.043488587872873926e-06
4.409499999999999886e+01 3.902286408381490647e-06
5.456499999999999773e+01 3.751689702733864400e-06
6.752200000000000557e+01 3.592341168485602447e-06
8.355599999999999739e+01 3.424942206984379363e-06
1.034000000000000057e+02 3.248927356299735374e-06
1.279500000000000028e+02 3.063639512019481287e-06
1.583300000000000125e+02 2.869532288479356308e-06
1.959300000000000068e+02 2.668735845959803813e-06
2.424600000000000080e+02 2.464084210798519080e-06
3.000299999999999727e+02 2.258238699624605188e-06
3.712699999999999818e+02 2.054276443448374942e-06
4.594300000000000068e+02 1.850146134007317662e-06
5.685299999999999727e+02 1.650689985763623831e-06
7.035399999999999636e+02 1.457964044113211955e-06
8.706000000000000227e+02 1.275592343298229480e-06
1.077299999999999955e+03 1.109461118977287466e-06
1.333099999999999909e+03 9.665961741845471754e-07
1.649700000000000045e+03 8.526716411520222391e-07
2.041500000000000000e+03 7.697089595870303713e-07
2.526199999999999818e+03 7.152951938459053205e-07
3.126099999999999909e+03 6.847871685803824525e-07
3.868400000000000091e+03 3.375823947806070203e-07
4.787000000000000000e+03 1.457824310755273270e-08
5.923699999999999818e+03 3.332340067922280907e-09
7.330399999999999636e+03 1.492654931624082744e-09
9.071000000000000000e+03 9.330786774528986816e-10
1.122500000000000000e+04 7.162383237499576102e-10
1.389100000000000000e+04 6.101565833824149947e-10
1.718900000000000000e+04 5.893261003332892341e-10
2.127100000000000000e+04 5.891676035929556709e-10
2.632200000000000000e+04 5.891676035929556709e-10
3.257200000000000000e+04 5.891676035929556709e-10
4.030600000000000000e+04 5.891676035929556709e-10
4.987700000000000000e+04 5.891676035929556709e-10
6.172100000000000000e+04 5.891676035929556709e-10
7.637800000000000000e+04 5.891676035929556709e-10
9.451400000000000000e+04 5.891676035929556709e-10
1.169600000000000000e+05 5.891676035929556709e-10
1.447300000000000000e+05 5.891676035929556709e-10
