1.000000000000000048e-04 1.059999999999999840e-02
1.237499999999999993e-04 1.059999999999999840e-02
1.531299999999999925e-04 1.059999999999999840e-02
1.894900000000000035e-04 1.059999999999999840e-02
2.344900000000000131e-04 1.059999999999999840e-02
2.901700000000000221e-04 1.059999999999999840e-02
3.590700000000000163e-04 1.059999999999999840e-02
4.443399999999999911e-04 1.059999999999999840e-02
5.498499999999999482e-04 1.059999999999999840e-02
6.804200000000000482e-04 1.059999999999999840e-02
8.419900000000000344e-04 1.059999999999999840e-02
1.041899999999999901e-03 1.059999999999999840e-02
1.289299999999999951e-03 1.059999999999999840e-02
1.595499999999999913e-03 1.059999999999999840e-02
1.974399999999999853e-03 1.059999999999999840e-02
2.443199999999999972e-03 1.059999999999999840e-02
3.023399999999999872e-03 1.059999999999999840e-02
3.741299999999999921e-03 1.059999999999999840e-02
4.629699999999999614e-03 1.059999999999999840e-02
5.729099999999999991e-03 1.059999999999999840e-02
7.089500000000000315e-03 1.059999999999999840e-02
8.772999999999999549e-03 1.059999999999999840e-02
1.085599999999999933e-02 1.059999999999999840e-02
1.343399999999999976e-02 1.059999999999999840e-02
1.662399999999999989e-02 1.059999999999999840e-02
2.057200000000000001e-02 1.059999999999999840e-02
2.545700000000000046e-02 1.059999999999999840e-02
3.150200000000000222e-02 1.059999999999999840e-02
3.898200000000000276e-02 1.059999999999999840e-02
4.823899999999999716e-02 1.059999999999999840e-02
5.969399999999999706e-02 1.059999999999999840e-02
7.386800000000000310e-02 1.059999999999999840e-02
9.140900000000000414e-02 1.059999999999999840e-02
1.131199999999999983e-01 1.059999999999999840e-02
1.399700000000000111e-01 1.059999999999999840e-02
1.732100000000000029e-01 1.059999999999999840e-02
2.143400000000000027e-01 1.059999999999999840e-02
2.652399999999999758e-01 1.059999999999999840e-02
3.282300000000000217e-01 1.059999999999999840e-02
4.061699999999999755e-01 1.059999999999999840e-02
5.026199999999999557e-01 1.059999999999999840e-02
6.219700000000000228e-01 1.059999999999999840e-02
7.696600000000000108e-01 1.059999999999999840e-02
9.524200000000000443e-01 1.059999999999999840e-02
1.178600000000000092e+00 1.059999999999999840e-02
1.458399999999999919e+00 1.059999999999999840e-02
1.804799999999999960e+00 1.059999999999999840e-02
2.233299999999999841e+00 1.059999999999999840e-02
2.763700000000000045e+00 1.059999999999999840e-02
3.419900000000000162e+00 1.059999999999999840e-02
4.232000000000000206e+00 1.059999999999999840e-02
5.236900000000000333e+00 1.059999999999999840e-02
6.480500000000000149e+00 1.059999999999999840e-02
8.019299999999999429e+00 1.059999999999999840e-02
9.923600000000000421e+00 1.059999999999999840e-02
1.227999999999999936e+01 1.059999999999999840e-02
1.519599999999999973e+01 1.059999999999999840e-02
1.880399999999999849e+01 1.059999999999999840e-02
2.326999999999999957e+01 1.059999999999999840e-02
2.879500000000000171e+01 1.059999999999999840e-02
3.563300000000000267e+01 1.059999999999999840e-02
4.409499999999999886e+01 1.059999999999999840e-02
5.456499999999999773e+01 1.059999999999999840e-02
6.752200000000000557e+01 1.059999999999999840e-02
8.355599999999999739e+01 1.059999999999999840e-02
1.034000000000000057e+02 1.059999999999999840e-02
1.279500000000000028e+02 1.059999999999999840e-02
1.583300000000000125e+02 1.059999999999999840e-02
1.959300000000000068e+02 1.059999999999999840e-02
2.424600000000000080e+02 1.059999999999999840e-02
3.000299999999999727e+02 1.059999999999999840e-02
3.712699999999999818e+02 1.059999999999999840e-02
4.594300000000000068e+02 1.059999999999999840e-02
5.685299999999999727e+02 1.059999999999999840e-02
7.035399999999999636e+02 1.059999999999999840e-02
8.706000000000000227e+02 1.059999999999999840e-02
1.077299999999999955e+03 1.059999999999999840e-02
1.333099999999999909e+03 1.059999999999999840e-02
1.649700000000000045e+03 1.063740625000000024e-02
2.041500000000000000e+03 1.070609225874870349e-02
2.526199999999999818e+03 1.072151219512199578e-02
3.126099999999999909e+03 1.074059703075289614e-02
3.868400000000000091e+03 1.076421208907739528e-02
4.787000000000000000e+03 1.079343584305410457e-02
5.923699999999999818e+03 1.082959809119829657e-02
7.330399999999999636e+03 1.087434994697770484e-02
9.071000000000000000e+03 1.092972428419940371e-02
1.122500000000000000e+04 1.099825026511129519e-02
1.389100000000000000e+04 1.518474056603769801e-02
1.718900000000000000e+04 1.561011824324320257e-02
2.127100000000000000e+04 1.636859797297300287e-02
2.632200000000000000e+04 1.728763636363639389e-02
3.257200000000000000e+04 1.858101925254810119e-02
4.030600000000000000e+04 2.064398609501739978e-02
4.987700000000000000e+04 2.398189095127609832e-02
6.172100000000000000e+04 2.815291161178510096e-02
7.637800000000000000e+04 3.591383414634150006e-02
9.451400000000000000e+04 4.744446280991739678e-02
1.169600000000000000e+05 5.720951585976630227e-02
1.447300000000000000e+05 5.711970443349751597e-02
