1.000000000000000048e-04 4.452596840565090321e-06
1.237499999999999993e-04 4.452596840565090321e-06
1.531299999999999925e-04 4.452596840565090321e-06
1.894900000000000035e-04 4.452596840565090321e-06
2.344900000000000131e-04 4.452596840565090321e-06
2.901700000000000221e-04 4.452596840565090321e-06
3.590700000000000163e-04 4.452596840565090321e-06
4.443399999999999911e-04 4.452596840565090321e-06
5.498499999999999482e-04 4.452596840565090321e-06
6.804200000000000482e-04 4.452596840565090321e-06
8.419900000000000344e-04 4.452596840565090321e-06
1.041899999999999901e-03 4.452596840565090321e-06
1.289299999999999951e-03 4.452596840565090321e-06
1.595499999999999913e-03 4.452596840565090321e-06
1.974399999999999853e-03 4.452596840565090321e-06
2.443199999999999972e-03 4.452596840565090321e-06
3.023399999999999872e-03 4.452596840565090321e-06
3.741299999999999921e-03 4.452596840565090321e-06
4.629699999999999614e-03 4.452596840565090321e-06
5.729099999999999991e-03 4.452596840565090321e-06
7.089500000000000315e-03 4.452596840565090321e-06
8.772999999999999549e-03 4.452596840565090321e-06
1.085599999999999933e-02 4.452596840565090321e-06
1.343399999999999976e-02 4.452596840565090321e-06
1.662399999999999989e-02 4.452596840565090321e-06
2.057200000000000001e-02 4.445401044183063101e-06
2.545700000000000046e-02 4.420210519476870427e-06
3.150200000000000222e-02 4.360753019733277026e-06
3.898200000000000276e-02 4.254871499934194088e-06
4.823899999999999716e-02 4.092065357137396129e-06
5.969399999999999706e-02 3.867681517219766105e-06
7.386800000000000310e-02 3.587398782312334272e-06
9.140900000000000414e-02 3.265732168708949356e-06
1.131199999999999983e-01 2.921156878465777215e-06
1.399700000000000111e-01 2.571090955398787928e-06
1.732100000000000029e-01 2.229654414955861892e-06
2.143400000000000027e-01 1.903653021055918180e-06
2.652399999999999758e-01 1.605548832853558938e-06
3.282300000000000217e-01 1.339526327231527293e-06
4.061699999999999755e-01 1.106938563404772653e-06
5.026199999999999557e-01 9.073084547067823367e-07
6.219700000000000228e-01 7.417675732272646984e-07
7.696600000000000108e-01 6.081905566395273456e-07
9.524200000000000443e-01 5.027012752489230128e-07
1.178600000000000092e+00 4.217074031617927012e-07
1.458399999999999919e+00 3.625669791019907573e-07
1.804799999999999960e+00 3.209434626191695162e-07
2.233299999999999841e+00 2.926833583121773835e-07
2.763700000000000045e+00 2.751389760707215388e-07
3.419900000000000162e+00 2.599262183675285662e-07
4.232000000000000206e+00 2.455557134823537609e-07
5.236900000000000333e+00 2.299203243269917960e-07
6.480500000000000149e+00 2.120694768853093843e-07
8.019299999999999429e+00 1.911882232108305962e-07
9.923600000000000421e+00 1.702061220516681377e-07
1.227999999999999936e+01 1.510350838820736800e-07
1.519599999999999973e+01 1.355224158929337263e-07
1.880399999999999849e+01 1.249287775325944962e-07
2.326999999999999957e+01 1.195848848153782122e-07
2.879500000000000171e+01 1.174518862756581064e-07
3.563300000000000267e+01 1.209259327939571201e-07
4.409499999999999886e+01 1.271461113162173291e-07
5.456499999999999773e+01 1.337571772139763296e-07
6.752200000000000557e+01 1.407950830359212059e-07
8.355599999999999739e+01 1.483261381552501528e-07
1.034000000000000057e+02 1.563924708875884341e-07
1.279500000000000028e+02 1.649584467293004402e-07
1.583300000000000125e+02 1.738979997584644653e-07
1.959300000000000068e+02 1.829426230075248634e-07
2.424600000000000080e+02 1.917189020846213571e-07
3.000299999999999727e+02 1.998625614435312435e-07
3.712699999999999818e+02 2.071229649043996264e-07
4.594300000000000068e+02 2.131604026536740263e-07
5.685299999999999727e+02 2.179302282571171157e-07
7.035399999999999636e+02 2.214501433506404359e-07
8.706000000000000227e+02 2.238548224644282225e-07
1.077299999999999955e+03 2.253508492206605520e-07
1.333099999999999909e+03 2.261812405072112723e-07
1.649700000000000045e+03 2.265609775732836072e-07
2.041500000000000000e+03 2.266821243160565181e-07
2.526199999999999818e+03 2.266866034079394974e-07
3.126099999999999909e+03 2.266865095634784931e-07
3.868400000000000091e+03 2.266865095634784931e-07
4.787000000000000000e+03 2.266865095634784931e-07
5.923699999999999818e+03 2.266865095634784931e-07
7.330399999999999636e+03 2.256229765583202323e-07
9.071000000000000000e+03 2.217462189696232606e-07
1.122500000000000000e+04 2.161517720786532120e-07
1.389100000000000000e+04 2.101970099710574096e-07
1.718900000000000000e+04 2.067500390251182105e-07
2.127100000000000000e+04 2.067093305413435816e-07
2.632200000000000000e+04 2.067093305413435816e-07
3.257200000000000000e+04 2.067093305413435816e-07
4.030600000000000000e+04 2.067093305413435816e-07
4.987700000000000000e+04 2.067093305413435816e-07
6.172100000000000000e+04 2.067093305413435816e-07
7.637800000000000000e+04 2.067093305413435816e-07
9.451400000000000000e+04 2.067093305413435816e-07
1.169600000000000000e+05 2.067093305413435816e-07
1.447300000000000000e+05 2.067093305413435816e-07
