1.000000000000000048e-04 2.221398790425157345e-05
1.237499999999999993e-04 2.221398790425157345e-05
1.531299999999999925e-04 2.221398790425157345e-05
1.894900000000000035e-04 2.221398790425157345e-05
2.344900000000000131e-04 2.221398790425157345e-05
2.901700000000000221e-04 2.221398790425157345e-05
3.590700000000000163e-04 2.221398790425157345e-05
4.443399999999999911e-04 2.221398790425157345e-05
5.498499999999999482e-04 2.221398790425157345e-05
6.804200000000000482e-04 2.221398790425157345e-05
8.419900000000000344e-04 2.221398790425157345e-05
1.041899999999999901e-03 2.219699258759799313e-05
1.289299999999999951e-03 2.210783861285428969e-05
1.595499999999999913e-03 2.193805900504070704e-05
1.974399999999999853e-03 2.166005089586789940e-05
2.443199999999999972e-03 2.124296275398062744e-05
3.023399999999999872e-03 2.065834308394654128e-05
3.741299999999999921e-03 1.988763070787293318e-05
4.629699999999999614e-03 1.892004738013119232e-05
5.729099999999999991e-03 1.775799503298247504e-05
7.089500000000000315e-03 1.642233373176556696e-05
8.772999999999999549e-03 1.494616963579589271e-05
1.085599999999999933e-02 1.339282197319535279e-05
1.343399999999999976e-02 1.183423632427213493e-05
1.662399999999999989e-02 1.033256874282966738e-05
2.057200000000000001e-02 8.938145804814158488e-06
2.545700000000000046e-02 7.682533908398060063e-06
3.150200000000000222e-02 6.584441390513022039e-06
3.898200000000000276e-02 5.641778677643412550e-06
4.823899999999999716e-02 4.837909110736564706e-06
5.969399999999999706e-02 4.153304179193187595e-06
7.386800000000000310e-02 3.578686273220745474e-06
9.140900000000000414e-02 3.101100738883986638e-06
1.131199999999999983e-01 2.704432757393529416e-06
1.399700000000000111e-01 2.375017798430157319e-06
1.732100000000000029e-01 2.100092220689125002e-06
2.143400000000000027e-01 1.870481433153871173e-06
2.652399999999999758e-01 1.677262378471110324e-06
3.282300000000000217e-01 1.513258946855091328e-06
4.061699999999999755e-01 1.373691692036806980e-06
5.026199999999999557e-01 1.255032045180519174e-06
6.219700000000000228e-01 1.154529784418077000e-06
7.696600000000000108e-01 1.070175350015906523e-06
9.524200000000000443e-01 1.000618934602790647e-06
1.178600000000000092e+00 9.449523326056893750e-07
1.458399999999999919e+00 9.032575006126855992e-07
1.804799999999999960e+00 8.746258357407529406e-07
2.233299999999999841e+00 8.580274003168192862e-07
2.763700000000000045e+00 8.524445596290444086e-07
3.419900000000000162e+00 8.565720358738268990e-07
4.232000000000000206e+00 8.687124046457079727e-07
5.236900000000000333e+00 8.864716821998811240e-07
6.480500000000000149e+00 9.070953328729399502e-07
8.019299999999999429e+00 9.277734966349262936e-07
9.923600000000000421e+00 9.450351128390345748e-07
1.227999999999999936e+01 9.558713815504330077e-07
1.519599999999999973e+01 9.580881629455776352e-07
1.880399999999999849e+01 9.501753090191011546e-07
2.326999999999999957e+01 9.313834343016062332e-07
2.879500000000000171e+01 9.014480433284435470e-07
3.563300000000000267e+01 8.605684396747675534e-07
4.409499999999999886e+01 8.094141408941969884e-07
5.456499999999999773e+01 7.490916085534470952e-07
6.752200000000000557e+01 6.806065526520933343e-07
8.355599999999999739e+01 6.067273381353466659e-07
1.034000000000000057e+02 5.303429254237956692e-07
1.279500000000000028e+02 4.546361126861018006e-07
1.583300000000000125e+02 3.824271207560621372e-07
1.959300000000000068e+02 3.161249475461524975e-07
2.424600000000000080e+02 2.573789324893520924e-07
3.000299999999999727e+02 2.070670357888643411e-07
3.712699999999999818e+02 1.653272395262684544e-07
4.594300000000000068e+02 1.315362292265207548e-07
5.685299999999999727e+02 1.049114578651291004e-07
7.035399999999999636e+02 8.440736099344406621e-08
8.706000000000000227e+02 6.898063657562586003e-08
1.077299999999999955e+03 5.770321621803086649e-08
1.333099999999999909e+03 4.965843285243523647e-08
1.649700000000000045e+03 4.310828689196409098e-08
2.041500000000000000e+03 3.291385467782664063e-08
2.526199999999999818e+03 2.469906222113938553e-09
3.126099999999999909e+03 2.658557895844658125e-11
3.868400000000000091e+03 8.173627088293894533e-14
4.787000000000000000e+03 2.904431747610401404e-16
5.923699999999999818e+03 4.268630417727815538e-17
7.330399999999999636e+03 1.567886457228425248e-17
9.071000000000000000e+03 9.004415459889936407e-18
1.122500000000000000e+04 6.796254709866349327e-18
1.389100000000000000e+04 5.890577597337724551e-18
1.718900000000000000e+04 5.808528022206063691e-18
2.127100000000000000e+04 5.808528022206063691e-18
2.632200000000000000e+04 5.808528022206063691e-18
3.257200000000000000e+04 5.808528022206063691e-18
4.030600000000000000e+04 5.808528022206063691e-18
4.987700000000000000e+04 5.808528022206063691e-18
6.172100000000000000e+04 5.808528022206063691e-18
7.637800000000000000e+04 5.808528022206063691e-18
9.451400000000000000e+04 5.808528022206063691e-18
1.169600000000000000e+05 5.808528022206063691e-18
1.447300000000000000e+05 5.808528022206063691e-18
