1.000000000000000048e-04 2.750986313913016969e-04
1.237499999999999993e-04 2.750986313913016969e-04
1.531299999999999925e-04 2.750986313913016969e-04
1.894900000000000035e-04 2.750986313913016969e-04
2.344900000000000131e-04 2.750986313913016969e-04
2.901700000000000221e-04 2.750986313913016969e-04
3.590700000000000163e-04 2.750986313913016969e-04
4.443399999999999911e-04 2.750986313913016969e-04
5.498499999999999482e-04 2.750986313913016969e-04
6.804200000000000482e-04 2.750986313913016969e-04
8.419900000000000344e-04 2.750986313913016969e-04
1.041899999999999901e-03 2.750986313913016969e-04
1.289299999999999951e-03 2.750986313913016969e-04
1.595499999999999913e-03 2.750986313913016969e-04
1.974399999999999853e-03 2.750986313913016969e-04
2.443199999999999972e-03 2.746947685041103613e-04
3.023399999999999872e-03 2.732131448960187009e-04
3.741299999999999921e-03 2.698442470495354380e-04
4.629699999999999614e-03 2.633722462845393647e-04
5.729099999999999991e-03 2.527649816982073115e-04
7.089500000000000315e-03 2.376464794926957328e-04
8.772999999999999549e-03 2.182223999108654216e-04
1.085599999999999933e-02 1.954518780453886988e-04
1.343399999999999976e-02 1.708146110402793637e-04
1.662399999999999989e-02 1.459731011391132856e-04
2.057200000000000001e-02 1.223807630921468215e-04
2.545700000000000046e-02 1.010916981246176295e-04
3.150200000000000222e-02 8.294073174548613307e-05
3.898200000000000276e-02 6.801534285821027954e-05
4.823899999999999716e-02 5.606738788668374774e-05
5.969399999999999706e-02 4.670837191340305636e-05
7.386800000000000310e-02 3.950789571456807481e-05
9.140900000000000414e-02 3.405002619655475305e-05
1.131199999999999983e-01 2.996730052900988393e-05
1.399700000000000111e-01 2.695137435869354671e-05
1.732100000000000029e-01 2.474798921933339218e-05
2.143400000000000027e-01 2.318211380113303661e-05
2.652399999999999758e-01 2.207771077690827310e-05
3.282300000000000217e-01 2.130276008512261600e-05
4.061699999999999755e-01 2.075906946026769944e-05
5.026199999999999557e-01 2.035869068727726966e-05
6.219700000000000228e-01 2.003545065419578129e-05
7.696600000000000108e-01 1.974109248055789614e-05
9.524200000000000443e-01 1.944081201973009575e-05
1.178600000000000092e+00 1.910887113276982591e-05
1.458399999999999919e+00 1.874125171554883490e-05
1.804799999999999960e+00 1.834877014295009217e-05
2.233299999999999841e+00 1.794735300338042895e-05
2.763700000000000045e+00 1.755295569059548227e-05
3.419900000000000162e+00 1.717997527981915672e-05
4.232000000000000206e+00 1.683734534643398378e-05
5.236900000000000333e+00 1.652922971275673104e-05
6.480500000000000149e+00 1.625466536820744106e-05
8.019299999999999429e+00 1.601203027963409438e-05
9.923600000000000421e+00 1.579603228503321740e-05
1.227999999999999936e+01 1.559724157784845414e-05
1.519599999999999973e+01 1.540687584320641978e-05
1.880399999999999849e+01 1.521615672188230099e-05
2.326999999999999957e+01 1.501473472786302480e-05
2.879500000000000171e+01 1.478830290552378335e-05
3.563300000000000267e+01 1.452030487733779031e-05
4.409499999999999886e+01 1.419376176301207938e-05
5.456499999999999773e+01 1.379189226429030776e-05
6.752200000000000557e+01 1.329456649765415218e-05
8.355599999999999739e+01 1.270149887986621922e-05
1.034000000000000057e+02 1.201983818605682820e-05
1.279500000000000028e+02 1.126884861088628821e-05
1.583300000000000125e+02 1.047346281030710466e-05
1.959300000000000068e+02 9.663820836237560028e-06
2.424600000000000080e+02 8.871138128644100686e-06
3.000299999999999727e+02 8.118456229909476856e-06
3.712699999999999818e+02 7.422579371394956758e-06
4.594300000000000068e+02 6.788125343165331929e-06
5.685299999999999727e+02 6.219047853006224772e-06
7.035399999999999636e+02 5.711882403430079404e-06
8.706000000000000227e+02 5.265172174162514357e-06
1.077299999999999955e+03 4.882208235705678333e-06
1.333099999999999909e+03 4.569075422101086611e-06
1.649700000000000045e+03 4.329452790486724470e-06
2.041500000000000000e+03 4.161552632179952372e-06
2.526199999999999818e+03 4.055612935668710267e-06
3.126099999999999909e+03 3.999462357192801773e-06
3.868400000000000091e+03 3.376978605314505686e-06
4.787000000000000000e+03 1.242495750018441393e-06
5.923699999999999818e+03 4.266686745121281926e-07
7.330399999999999636e+03 2.324417397833935527e-07
9.071000000000000000e+03 1.583973182729997257e-07
1.122500000000000000e+04 1.237159515413631370e-07
1.389100000000000000e+04 1.035279571162966858e-07
1.718900000000000000e+04 9.416471758746605555e-08
2.127100000000000000e+04 9.405953704799688158e-08
2.632200000000000000e+04 9.405953704799688158e-08
3.257200000000000000e+04 9.405953704799688158e-08
4.030600000000000000e+04 9.405953704799688158e-08
4.987700000000000000e+04 9.405953704799688158e-08
6.172100000000000000e+04 9.405953704799688158e-08
7.637800000000000000e+04 9.405953704799688158e-08
9.451400000000000000e+04 9.405953704799688158e-08
1.169600000000000000e+05 9.405953704799688158e-08
1.447300000000000000e+05 9.405953704799688158e-08
