!Solar spectrum from Houghton 1986, W/m2/cm-1
78
2.000000000000000000e+02 9.999994758245796397e-05
5.000000000000000000e+02 5.999989743511387500e-04
6.670000000000000000e+02 1.100000490122450937e-03
1.000000000000000000e+03 2.500000467420471304e-03
1.250000000000000000e+03 3.839997702708942192e-03
1.430000000000000000e+03 4.890001241400501741e-03
1.660000000000000000e+03 6.530005075300632233e-03
2.000000000000000000e+03 9.499989686756438526e-03
2.220000000000000000e+03 1.220002418423505805e-02
2.500000000000000000e+03 1.540002819602258495e-02
2.630000000000000000e+03 1.620002919896946711e-02
2.780000000000000000e+03 1.770000885625708925e-02
2.940000000000000000e+03 1.940003321075699227e-02
3.130000000000000000e+03 2.340000266831095133e-02
3.330000000000000000e+03 2.800003510314085994e-02
3.570000000000000000e+03 3.060001169483288902e-02
3.850000000000000000e+03 3.310003705227967247e-02
4.170000000000000000e+03 3.620005427264150893e-02
4.540000000000000000e+03 3.879999530715308453e-02
5.000000000000000000e+03 4.160012326759874451e-02
5.560000000000000000e+03 5.210015865451435302e-02
6.250000000000000000e+03 6.350014627862207717e-02
7.140000000000000000e+03 6.690012387326098320e-02
8.330000000000000000e+03 7.080003542502835701e-02
1.000000000000000000e+04 7.570017046285713869e-02
1.110000000000000000e+04 7.320014510541035524e-02
1.250000000000000000e+04 7.190017458815455009e-02
1.330000000000000000e+04 7.070011974796355791e-02
1.390000000000000000e+04 6.890021527357931275e-02
1.430000000000000000e+04 6.780007611045311966e-02
1.470000000000000000e+04 6.680020819619619799e-02
1.520000000000000000e+04 6.510021939887673803e-02
1.560000000000000000e+04 6.419991158988011537e-02
1.610000000000000000e+04 6.260019404142995458e-02
1.670000000000000000e+04 6.050018696404683288e-02
1.690000000000000000e+04 6.030000003811274850e-02
1.720000000000000000e+04 5.869992691785808070e-02
1.750000000000000000e+04 5.659991984047496594e-02
1.790000000000000000e+04 5.359996052589972165e-02
1.810000000000000000e+04 5.330021349470535214e-02
1.850000000000000000e+04 5.270000828870759907e-02
1.890000000000000000e+04 5.220007433157914517e-02
1.930000000000000000e+04 4.979996465119714694e-02
1.960000000000000000e+04 4.960013329706756263e-02
2.000000000000000000e+04 4.920011501700389395e-02
2.040000000000000000e+04 4.750012621968444093e-02
2.080000000000000000e+04 4.849999413394135567e-02
2.130000000000000000e+04 4.540011914230132617e-02
2.170000000000000000e+04 4.439989565623991136e-02
2.220000000000000000e+04 4.120010498753507583e-02
2.270000000000000000e+04 3.560020463844826288e-02
2.320000000000000000e+04 3.080002083486471989e-02
2.380000000000000000e+04 3.120003911492838511e-02
2.440000000000000000e+04 2.980001069188600166e-02
2.500000000000000000e+04 2.320002908545956699e-02
2.560000000000000000e+04 1.700003020191635100e-02
2.630000000000000000e+04 1.640000278182085144e-02
2.700000000000000000e+04 1.630001599039515581e-02
2.780000000000000000e+04 1.399999977298020323e-02
2.860000000000000000e+04 1.349999470149084758e-02
2.940000000000000000e+04 1.260000690711827326e-02
3.030000000000000000e+04 1.170001911274570067e-02
3.120000000000000000e+04 8.630012152683752200e-03
3.220000000000000000e+04 6.730014215332464841e-03
3.330000000000000000e+04 4.689992101368669133e-03
3.440000000000000000e+04 4.120010498753508450e-03
3.570000000000000000e+04 1.770000885625708708e-03
3.700000000000000000e+04 1.710001699334203883e-03
3.840000000000000000e+04 8.949991219554235709e-04
4.000000000000000000e+04 4.490018518517286750e-04
4.170000000000000000e+04 3.669998822976996500e-04
4.340000000000000000e+04 3.580003599257784459e-04
4.540000000000000000e+04 2.820000868599224363e-04
5.000000000000000000e+04 4.320019638785340760e-05
5.550000000000000000e+04 4.120010498753507922e-06
6.250000000000000000e+04 5.890011384379217435e-07
7.140000000000000000e+04 5.880019816672737860e-08
8.700000000000000000e+04 9.239995583305280653e-09
