Exponential-sum fit to transmissions (IR) - N2-N2
   25.00	   75.00	  125.00	  175.00	  225.00	  275.00	  325.00	  375.00	  425.00	  475.00	  525.00	  575.00	  625.00	  675.00	  725.00	  775.00	  825.00	  875.00	  925.00	  975.00	 1025.00	 1075.00	 1125.00	 1175.00	 1225.00	 1275.00	 1325.00	 1375.00	 1425.00	 1475.00	 1525.00	 1575.00	 1625.00	 1675.00	 1725.00	 1775.00	 1825.00	 1875.00	 1925.00	 1975.00
 40.0
7.33350999475420e-01	2.11335121904728e-02	2.45515488334107e-01	4.35421048563504e+02	8.50827669678115e-04	2.88625263956545e+01
3.68566017259123e-01	3.37832330139037e-01	2.93601652601840e-01	1.38562329838105e+02	4.02988418954506e+02	4.71650252895066e+01
2.76454398755913e-01	2.64427598041085e-01	4.59118003203002e-01	7.06199019660614e+00	2.89644934878232e+01	1.38686257704011e+01
2.88895013352350e-01	2.99830741097127e-01	4.11274245550523e-01	8.60193905069543e-01	4.23830249288619e+00	1.96768929689681e+00
2.99992218296408e-02	4.82967909230831e-01	4.87032868939528e-01	6.50755072985404e-01	0.00000000000000e+00	0.00000000000000e+00
1.00000000000000e+00	0.00000000000000e+00	0.00000000000000e+00	0.00000000000000e+00	0.00000000000000e+00	0.00000000000000e+00
1.00000000000000e+00	0.00000000000000e+00	0.00000000000000e+00	0.00000000000000e+00	0.00000000000000e+00	0.00000000000000e+00
1.00000000000000e+00	0.00000000000000e+00	0.00000000000000e+00	0.00000000000000e+00	0.00000000000000e+00	0.00000000000000e+00
1.00000000000000e+00	0.00000000000000e+00	0.00000000000000e+00	0.00000000000000e+00	0.00000000000000e+00	0.00000000000000e+00
1.00000000000000e+00	0.00000000000000e+00	0.00000000000000e+00	0.00000000000000e+00	0.00000000000000e+00	0.00000000000000e+00
1.00000000000000e+00	0.00000000000000e+00	0.00000000000000e+00	0.00000000000000e+00	0.00000000000000e+00	0.00000000000000e+00
1.00000000000000e+00	0.00000000000000e+00	0.00000000000000e+00	0.00000000000000e+00	0.00000000000000e+00	0.00000000000000e+00
1.00000000000000e+00	0.00000000000000e+00	0.00000000000000e+00	0.00000000000000e+00	0.00000000000000e+00	0.00000000000000e+00
1.00000000000000e+00	0.00000000000000e+00	0.00000000000000e+00	0.00000000000000e+00	0.00000000000000e+00	0.00000000000000e+00
1.00000000000000e+00	0.00000000000000e+00	0.00000000000000e+00	0.00000000000000e+00	0.00000000000000e+00	0.00000000000000e+00
1.00000000000000e+00	0.00000000000000e+00	0.00000000000000e+00	0.00000000000000e+00	0.00000000000000e+00	0.00000000000000e+00
1.00000000000000e+00	0.00000000000000e+00	0.00000000000000e+00	0.00000000000000e+00	0.00000000000000e+00	0.00000000000000e+00
1.00000000000000e+00	0.00000000000000e+00	0.00000000000000e+00	0.00000000000000e+00	0.00000000000000e+00	0.00000000000000e+00
1.00000000000000e+00	0.00000000000000e+00	0.00000000000000e+00	0.00000000000000e+00	0.00000000000000e+00	0.00000000000000e+00
1.00000000000000e+00	0.00000000000000e+00	0.00000000000000e+00	0.00000000000000e+00	0.00000000000000e+00	0.00000000000000e+00
1.00000000000000e+00	0.00000000000000e+00	0.00000000000000e+00	0.00000000000000e+00	0.00000000000000e+00	0.00000000000000e+00
1.00000000000000e+00	0.00000000000000e+00	0.00000000000000e+00	0.00000000000000e+00	0.00000000000000e+00	0.00000000000000e+00
1.00000000000000e+00	0.00000000000000e+00	0.00000000000000e+00	0.00000000000000e+00	0.00000000000000e+00	0.00000000000000e+00
1.00000000000000e+00	0.00000000000000e+00	0.00000000000000e+00	0.00000000000000e+00	0.00000000000000e+00	0.00000000000000e+00
1.00000000000000e+00	0.00000000000000e+00	0.00000000000000e+00	0.00000000000000e+00	0.00000000000000e+00	0.00000000000000e+00
1.00000000000000e+00	0.00000000000000e+00	0.00000000000000e+00	0.00000000000000e+00	0.00000000000000e+00	0.00000000000000e+00
1.00000000000000e+00	0.00000000000000e+00	0.00000000000000e+00	0.00000000000000e+00	0.00000000000000e+00	0.00000000000000e+00
1.00000000000000e+00	0.00000000000000e+00	0.00000000000000e+00	0.00000000000000e+00	0.00000000000000e+00	0.00000000000000e+00
1.00000000000000e+00	0.00000000000000e+00	0.00000000000000e+00	0.00000000000000e+00	0.00000000000000e+00	0.00000000000000e+00
1.00000000000000e+00	0.00000000000000e+00	0.00000000000000e+00	0.00000000000000e+00	0.00000000000000e+00	0.00000000000000e+00
1.00000000000000e+00	0.00000000000000e+00	0.00000000000000e+00	0.00000000000000e+00	0.00000000000000e+00	0.00000000000000e+00
1.00000000000000e+00	0.00000000000000e+00	0.00000000000000e+00	0.00000000000000e+00	0.00000000000000e+00	0.00000000000000e+00
1.00000000000000e+00	0.00000000000000e+00	0.00000000000000e+00	0.00000000000000e+00	0.00000000000000e+00	0.00000000000000e+00
1.00000000000000e+00	0.00000000000000e+00	0.00000000000000e+00	0.00000000000000e+00	0.00000000000000e+00	0.00000000000000e+00
1.00000000000000e+00	0.00000000000000e+00	0.00000000000000e+00	0.00000000000000e+00	0.00000000000000e+00	0.00000000000000e+00
1.00000000000000e+00	0.00000000000000e+00	0.00000000000000e+00	0.00000000000000e+00	0.00000000000000e+00	0.00000000000000e+00
1.00000000000000e+00	0.00000000000000e+00	0.00000000000000e+00	0.00000000000000e+00	0.00000000000000e+00	0.00000000000000e+00
1.00000000000000e+00	0.00000000000000e+00	0.00000000000000e+00	0.00000000000000e+00	0.00000000000000e+00	0.00000000000000e+00
1.00000000000000e+00	0.00000000000000e+00	0.00000000000000e+00	0.00000000000000e+00	0.00000000000000e+00	0.00000000000000e+00
1.00000000000000e+00	0.00000000000000e+00	0.00000000000000e+00	0.00000000000000e+00	0.00000000000000e+00	0.00000000000000e+00
 51.7
2.69094461998831e-01	7.06771548843335e-01	2.41339891578330e-02	1.64744892369037e+01	2.41311838974189e+02	8.73124885180535e-04
2.45354372010929e-01	3.88162369496005e-01	3.66483258493066e-01	4.93098842953715e+01	2.96339681353962e+02	1.23960673146154e+02
4.60595128444705e-01	3.12716411431520e-01	2.26688460123775e-01	1.40362691826652e+01	7.10922355085649e+00	3.00789231836525e+01
2.81001148907382e-01	4.12337352772063e-01	3.06661498320555e-01	1.05337899703301e+00	2.23612650217419e+00	4.44688439972619e+00
1.76287652618308e-01	6.50004641390113e-01	1.73707705991579e-01	7.17431524209399e-01	0.00000000000000e+00	4.58216910457772e-01
1.00000000000000e+00	0.00000000000000e+00	0.00000000000000e+00	0.00000000000000e+00	0.00000000000000e+00	0.00000000000000e+00
1.00000000000000e+00	0.00000000000000e+00	0.00000000000000e+00	0.00000000000000e+00	0.00000000000000e+00	0.00000000000000e+00
1.00000000000000e+00	0.00000000000000e+00	0.00000000000000e+00	0.00000000000000e+00	0.00000000000000e+00	0.00000000000000e+00
1.00000000000000e+00	0.00000000000000e+00	0.00000000000000e+00	0.00000000000000e+00	0.00000000000000e+00	0.00000000000000e+00
1.00000000000000e+00	0.00000000000000e+00	0.00000000000000e+00	0.00000000000000e+00	0.00000000000000e+00	0.00000000000000e+00
1.00000000000000e+00	0.00000000000000e+00	0.00000000000000e+00	0.00000000000000e+00	0.00000000000000e+00	0.00000000000000e+00
1.00000000000000e+00	0.00000000000000e+00	0.00000000000000e+00	0.00000000000000e+00	0.00000000000000e+00	0.00000000000000e+00
1.00000000000000e+00	0.00000000000000e+00	0.00000000000000e+00	0.00000000000000e+00	0.00000000000000e+00	0.00000000000000e+00
1.00000000000000e+00	0.00000000000000e+00	0.00000000000000e+00	0.00000000000000e+00	0.00000000000000e+00	0.00000000000000e+00
1.00000000000000e+00	0.00000000000000e+00	0.00000000000000e+00	0.00000000000000e+00	0.00000000000000e+00	0.00000000000000e+00
1.00000000000000e+00	0.00000000000000e+00	0.00000000000000e+00	0.00000000000000e+00	0.00000000000000e+00	0.00000000000000e+00
1.00000000000000e+00	0.00000000000000e+00	0.00000000000000e+00	0.00000000000000e+00	0.00000000000000e+00	0.00000000000000e+00
1.00000000000000e+00	0.00000000000000e+00	0.00000000000000e+00	0.00000000000000e+00	0.00000000000000e+00	0.00000000000000e+00
1.00000000000000e+00	0.00000000000000e+00	0.00000000000000e+00	0.00000000000000e+00	0.00000000000000e+00	0.00000000000000e+00
1.00000000000000e+00	0.00000000000000e+00	0.00000000000000e+00	0.00000000000000e+00	0.00000000000000e+00	0.00000000000000e+00
1.00000000000000e+00	0.00000000000000e+00	0.00000000000000e+00	0.00000000000000e+00	0.00000000000000e+00	0.00000000000000e+00
1.00000000000000e+00	0.00000000000000e+00	0.00000000000000e+00	0.00000000000000e+00	0.00000000000000e+00	0.00000000000000e+00
1.00000000000000e+00	0.00000000000000e+00	0.00000000000000e+00	0.00000000000000e+00	0.00000000000000e+00	0.00000000000000e+00
1.00000000000000e+00	0.00000000000000e+00	0.00000000000000e+00	0.00000000000000e+00	0.00000000000000e+00	0.00000000000000e+00
1.00000000000000e+00	0.00000000000000e+00	0.00000000000000e+00	0.00000000000000e+00	0.00000000000000e+00	0.00000000000000e+00
1.00000000000000e+00	0.00000000000000e+00	0.00000000000000e+00	0.00000000000000e+00	0.00000000000000e+00	0.00000000000000e+00
1.00000000000000e+00	0.00000000000000e+00	0.00000000000000e+00	0.00000000000000e+00	0.00000000000000e+00	0.00000000000000e+00
1.00000000000000e+00	0.00000000000000e+00	0.00000000000000e+00	0.00000000000000e+00	0.00000000000000e+00	0.00000000000000e+00
1.00000000000000e+00	0.00000000000000e+00	0.00000000000000e+00	0.00000000000000e+00	0.00000000000000e+00	0.00000000000000e+00
1.00000000000000e+00	0.00000000000000e+00	0.00000000000000e+00	0.00000000000000e+00	0.00000000000000e+00	0.00000000000000e+00
1.00000000000000e+00	0.00000000000000e+00	0.00000000000000e+00	0.00000000000000e+00	0.00000000000000e+00	0.00000000000000e+00
1.00000000000000e+00	0.00000000000000e+00	0.00000000000000e+00	0.00000000000000e+00	0.00000000000000e+00	0.00000000000000e+00
1.00000000000000e+00	0.00000000000000e+00	0.00000000000000e+00	0.00000000000000e+00	0.00000000000000e+00	0.00000000000000e+00
1.00000000000000e+00	0.00000000000000e+00	0.00000000000000e+00	0.00000000000000e+00	0.00000000000000e+00	0.00000000000000e+00
1.00000000000000e+00	0.00000000000000e+00	0.00000000000000e+00	0.00000000000000e+00	0.00000000000000e+00	0.00000000000000e+00
1.00000000000000e+00	0.00000000000000e+00	0.00000000000000e+00	0.00000000000000e+00	0.00000000000000e+00	0.00000000000000e+00
1.00000000000000e+00	0.00000000000000e+00	0.00000000000000e+00	0.00000000000000e+00	0.00000000000000e+00	0.00000000000000e+00
1.00000000000000e+00	0.00000000000000e+00	0.00000000000000e+00	0.00000000000000e+00	0.00000000000000e+00	0.00000000000000e+00
1.00000000000000e+00	0.00000000000000e+00	0.00000000000000e+00	0.00000000000000e+00	0.00000000000000e+00	0.00000000000000e+00
1.00000000000000e+00	0.00000000000000e+00	0.00000000000000e+00	0.00000000000000e+00	0.00000000000000e+00	0.00000000000000e+00
 66.7
2.79478090240132e-02	6.86461014422117e-01	2.85591176553870e-01	8.80595910422971e-04	1.40765921923102e+02	9.95244541555294e+00
3.49778644794727e-01	2.03702736075673e-01	4.46518619129600e-01	1.16435640875441e+02	5.81710352951439e+01	2.20088777389925e+02
3.41857343560483e-01	4.18440932859231e-01	2.39701723580286e-01	7.83458671378452e+00	1.63205381928521e+01	3.70338121457397e+01
4.20170002637367e-01	3.00004842719214e-01	2.79825154643418e-01	2.77851121087161e+00	5.06305478727058e+00	1.45512752651736e+00
4.01664909188476e-01	4.08167255309640e-01	1.90167835501884e-01	8.69437946592757e-01	3.49497006896759e-01	0.00000000000000e+00
1.00000000000000e+00	0.00000000000000e+00	0.00000000000000e+00	0.00000000000000e+00	0.00000000000000e+00	0.00000000000000e+00
1.00000000000000e+00	0.00000000000000e+00	0.00000000000000e+00	0.00000000000000e+00	0.00000000000000e+00	0.00000000000000e+00
1.00000000000000e+00	0.00000000000000e+00	0.00000000000000e+00	0.00000000000000e+00	0.00000000000000e+00	0.00000000000000e+00
1.00000000000000e+00	0.00000000000000e+00	0.00000000000000e+00	0.00000000000000e+00	0.00000000000000e+00	0.00000000000000e+00
1.00000000000000e+00	0.00000000000000e+00	0.00000000000000e+00	0.00000000000000e+00	0.00000000000000e+00	0.00000000000000e+00
1.00000000000000e+00	0.00000000000000e+00	0.00000000000000e+00	0.00000000000000e+00	0.00000000000000e+00	0.00000000000000e+00
1.00000000000000e+00	0.00000000000000e+00	0.00000000000000e+00	0.00000000000000e+00	0.00000000000000e+00	0.00000000000000e+00
1.00000000000000e+00	0.00000000000000e+00	0.00000000000000e+00	0.00000000000000e+00	0.00000000000000e+00	0.00000000000000e+00
1.00000000000000e+00	0.00000000000000e+00	0.00000000000000e+00	0.00000000000000e+00	0.00000000000000e+00	0.00000000000000e+00
1.00000000000000e+00	0.00000000000000e+00	0.00000000000000e+00	0.00000000000000e+00	0.00000000000000e+00	0.00000000000000e+00
1.00000000000000e+00	0.00000000000000e+00	0.00000000000000e+00	0.00000000000000e+00	0.00000000000000e+00	0.00000000000000e+00
1.00000000000000e+00	0.00000000000000e+00	0.00000000000000e+00	0.00000000000000e+00	0.00000000000000e+00	0.00000000000000e+00
1.00000000000000e+00	0.00000000000000e+00	0.00000000000000e+00	0.00000000000000e+00	0.00000000000000e+00	0.00000000000000e+00
1.00000000000000e+00	0.00000000000000e+00	0.00000000000000e+00	0.00000000000000e+00	0.00000000000000e+00	0.00000000000000e+00
1.00000000000000e+00	0.00000000000000e+00	0.00000000000000e+00	0.00000000000000e+00	0.00000000000000e+00	0.00000000000000e+00
1.00000000000000e+00	0.00000000000000e+00	0.00000000000000e+00	0.00000000000000e+00	0.00000000000000e+00	0.00000000000000e+00
1.00000000000000e+00	0.00000000000000e+00	0.00000000000000e+00	0.00000000000000e+00	0.00000000000000e+00	0.00000000000000e+00
1.00000000000000e+00	0.00000000000000e+00	0.00000000000000e+00	0.00000000000000e+00	0.00000000000000e+00	0.00000000000000e+00
1.00000000000000e+00	0.00000000000000e+00	0.00000000000000e+00	0.00000000000000e+00	0.00000000000000e+00	0.00000000000000e+00
1.00000000000000e+00	0.00000000000000e+00	0.00000000000000e+00	0.00000000000000e+00	0.00000000000000e+00	0.00000000000000e+00
1.00000000000000e+00	0.00000000000000e+00	0.00000000000000e+00	0.00000000000000e+00	0.00000000000000e+00	0.00000000000000e+00
1.00000000000000e+00	0.00000000000000e+00	0.00000000000000e+00	0.00000000000000e+00	0.00000000000000e+00	0.00000000000000e+00
1.00000000000000e+00	0.00000000000000e+00	0.00000000000000e+00	0.00000000000000e+00	0.00000000000000e+00	0.00000000000000e+00
1.00000000000000e+00	0.00000000000000e+00	0.00000000000000e+00	0.00000000000000e+00	0.00000000000000e+00	0.00000000000000e+00
1.00000000000000e+00	0.00000000000000e+00	0.00000000000000e+00	0.00000000000000e+00	0.00000000000000e+00	0.00000000000000e+00
1.00000000000000e+00	0.00000000000000e+00	0.00000000000000e+00	0.00000000000000e+00	0.00000000000000e+00	0.00000000000000e+00
1.00000000000000e+00	0.00000000000000e+00	0.00000000000000e+00	0.00000000000000e+00	0.00000000000000e+00	0.00000000000000e+00
1.00000000000000e+00	0.00000000000000e+00	0.00000000000000e+00	0.00000000000000e+00	0.00000000000000e+00	0.00000000000000e+00
1.00000000000000e+00	0.00000000000000e+00	0.00000000000000e+00	0.00000000000000e+00	0.00000000000000e+00	0.00000000000000e+00
1.00000000000000e+00	0.00000000000000e+00	0.00000000000000e+00	0.00000000000000e+00	0.00000000000000e+00	0.00000000000000e+00
1.00000000000000e+00	0.00000000000000e+00	0.00000000000000e+00	0.00000000000000e+00	0.00000000000000e+00	0.00000000000000e+00
1.00000000000000e+00	0.00000000000000e+00	0.00000000000000e+00	0.00000000000000e+00	0.00000000000000e+00	0.00000000000000e+00
1.00000000000000e+00	0.00000000000000e+00	0.00000000000000e+00	0.00000000000000e+00	0.00000000000000e+00	0.00000000000000e+00
1.00000000000000e+00	0.00000000000000e+00	0.00000000000000e+00	0.00000000000000e+00	0.00000000000000e+00	0.00000000000000e+00
1.00000000000000e+00	0.00000000000000e+00	0.00000000000000e+00	0.00000000000000e+00	0.00000000000000e+00	0.00000000000000e+00
 86.2
6.73107210911082e-01	2.99111526063064e-02	2.96981636482611e-01	8.49433904441156e+01	8.74774903913832e-04	6.24423368699277e+00
3.15385845705776e-01	5.22495345650302e-01	1.62118808643922e-01	1.08737133425884e+02	1.63642212733247e+02	6.88733144091163e+01
2.69571952296345e-01	3.16173979540995e-01	4.14254068162660e-01	4.72685509251194e+01	9.45629124775174e+00	2.08864851443250e+01
2.87561715430986e-01	2.78737305928722e-01	4.33700978640293e-01	2.06355211282012e+00	6.26459197708480e+00	3.63071751513679e+00
4.40499917839145e-01	2.92177613157951e-01	2.67322469002904e-01	7.70354379851171e-01	1.46013579618020e+00	4.05685107507439e-01
1.68294061318470e-01	1.81702961344893e-01	6.50002977336637e-01	2.90260790004864e-01	2.01739726387036e-01	0.00000000000000e+00
1.00000000000000e+00	0.00000000000000e+00	0.00000000000000e+00	0.00000000000000e+00	0.00000000000000e+00	0.00000000000000e+00
1.00000000000000e+00	0.00000000000000e+00	0.00000000000000e+00	0.00000000000000e+00	0.00000000000000e+00	0.00000000000000e+00
1.00000000000000e+00	0.00000000000000e+00	0.00000000000000e+00	0.00000000000000e+00	0.00000000000000e+00	0.00000000000000e+00
1.00000000000000e+00	0.00000000000000e+00	0.00000000000000e+00	0.00000000000000e+00	0.00000000000000e+00	0.00000000000000e+00
1.00000000000000e+00	0.00000000000000e+00	0.00000000000000e+00	0.00000000000000e+00	0.00000000000000e+00	0.00000000000000e+00
1.00000000000000e+00	0.00000000000000e+00	0.00000000000000e+00	0.00000000000000e+00	0.00000000000000e+00	0.00000000000000e+00
1.00000000000000e+00	0.00000000000000e+00	0.00000000000000e+00	0.00000000000000e+00	0.00000000000000e+00	0.00000000000000e+00
1.00000000000000e+00	0.00000000000000e+00	0.00000000000000e+00	0.00000000000000e+00	0.00000000000000e+00	0.00000000000000e+00
1.00000000000000e+00	0.00000000000000e+00	0.00000000000000e+00	0.00000000000000e+00	0.00000000000000e+00	0.00000000000000e+00
1.00000000000000e+00	0.00000000000000e+00	0.00000000000000e+00	0.00000000000000e+00	0.00000000000000e+00	0.00000000000000e+00
1.00000000000000e+00	0.00000000000000e+00	0.00000000000000e+00	0.00000000000000e+00	0.00000000000000e+00	0.00000000000000e+00
1.00000000000000e+00	0.00000000000000e+00	0.00000000000000e+00	0.00000000000000e+00	0.00000000000000e+00	0.00000000000000e+00
1.00000000000000e+00	0.00000000000000e+00	0.00000000000000e+00	0.00000000000000e+00	0.00000000000000e+00	0.00000000000000e+00
1.00000000000000e+00	0.00000000000000e+00	0.00000000000000e+00	0.00000000000000e+00	0.00000000000000e+00	0.00000000000000e+00
1.00000000000000e+00	0.00000000000000e+00	0.00000000000000e+00	0.00000000000000e+00	0.00000000000000e+00	0.00000000000000e+00
1.00000000000000e+00	0.00000000000000e+00	0.00000000000000e+00	0.00000000000000e+00	0.00000000000000e+00	0.00000000000000e+00
1.00000000000000e+00	0.00000000000000e+00	0.00000000000000e+00	0.00000000000000e+00	0.00000000000000e+00	0.00000000000000e+00
1.00000000000000e+00	0.00000000000000e+00	0.00000000000000e+00	0.00000000000000e+00	0.00000000000000e+00	0.00000000000000e+00
1.00000000000000e+00	0.00000000000000e+00	0.00000000000000e+00	0.00000000000000e+00	0.00000000000000e+00	0.00000000000000e+00
1.00000000000000e+00	0.00000000000000e+00	0.00000000000000e+00	0.00000000000000e+00	0.00000000000000e+00	0.00000000000000e+00
1.00000000000000e+00	0.00000000000000e+00	0.00000000000000e+00	0.00000000000000e+00	0.00000000000000e+00	0.00000000000000e+00
1.00000000000000e+00	0.00000000000000e+00	0.00000000000000e+00	0.00000000000000e+00	0.00000000000000e+00	0.00000000000000e+00
1.00000000000000e+00	0.00000000000000e+00	0.00000000000000e+00	0.00000000000000e+00	0.00000000000000e+00	0.00000000000000e+00
1.00000000000000e+00	0.00000000000000e+00	0.00000000000000e+00	0.00000000000000e+00	0.00000000000000e+00	0.00000000000000e+00
1.00000000000000e+00	0.00000000000000e+00	0.00000000000000e+00	0.00000000000000e+00	0.00000000000000e+00	0.00000000000000e+00
1.00000000000000e+00	0.00000000000000e+00	0.00000000000000e+00	0.00000000000000e+00	0.00000000000000e+00	0.00000000000000e+00
1.00000000000000e+00	0.00000000000000e+00	0.00000000000000e+00	0.00000000000000e+00	0.00000000000000e+00	0.00000000000000e+00
1.00000000000000e+00	0.00000000000000e+00	0.00000000000000e+00	0.00000000000000e+00	0.00000000000000e+00	0.00000000000000e+00
1.00000000000000e+00	0.00000000000000e+00	0.00000000000000e+00	0.00000000000000e+00	0.00000000000000e+00	0.00000000000000e+00
1.00000000000000e+00	0.00000000000000e+00	0.00000000000000e+00	0.00000000000000e+00	0.00000000000000e+00	0.00000000000000e+00
1.00000000000000e+00	0.00000000000000e+00	0.00000000000000e+00	0.00000000000000e+00	0.00000000000000e+00	0.00000000000000e+00
1.00000000000000e+00	0.00000000000000e+00	0.00000000000000e+00	0.00000000000000e+00	0.00000000000000e+00	0.00000000000000e+00
1.00000000000000e+00	0.00000000000000e+00	0.00000000000000e+00	0.00000000000000e+00	0.00000000000000e+00	0.00000000000000e+00
1.00000000000000e+00	0.00000000000000e+00	0.00000000000000e+00	0.00000000000000e+00	0.00000000000000e+00	0.00000000000000e+00
111.3
6.64886922914215e-01	3.02454183840372e-01	3.26588932454127e-02	5.26475684201328e+01	4.02213038260197e+00	8.57931615517247e-04
5.39383419646786e-01	3.35794307639489e-01	1.24822272713725e-01	1.25005915503557e+02	1.01835597475961e+02	7.74101827460019e+01
2.78973157156125e-01	3.12184255042912e-01	4.08842587800963e-01	1.22746242176185e+01	5.80434816507683e+01	2.71889783629488e+01
2.54651783883946e-01	3.04071056414114e-01	4.41277159701940e-01	8.24132384021967e+00	2.87786743591202e+00	4.84981064318499e+00
4.45238430249929e-01	2.67774668697081e-01	2.86986901052989e-01	1.27228638724777e+00	7.55916244694741e-01	2.13468822906301e+00
4.23424347411085e-01	4.86353450064464e-01	9.02222025244505e-02	1.91226310268205e-01	4.68462606605318e-01	0.00000000000000e+00
1.00000000000000e+00	0.00000000000000e+00	0.00000000000000e+00	0.00000000000000e+00	0.00000000000000e+00	0.00000000000000e+00
1.00000000000000e+00	0.00000000000000e+00	0.00000000000000e+00	0.00000000000000e+00	0.00000000000000e+00	0.00000000000000e+00
1.00000000000000e+00	0.00000000000000e+00	0.00000000000000e+00	0.00000000000000e+00	0.00000000000000e+00	0.00000000000000e+00
1.00000000000000e+00	0.00000000000000e+00	0.00000000000000e+00	0.00000000000000e+00	0.00000000000000e+00	0.00000000000000e+00
1.00000000000000e+00	0.00000000000000e+00	0.00000000000000e+00	0.00000000000000e+00	0.00000000000000e+00	0.00000000000000e+00
1.00000000000000e+00	0.00000000000000e+00	0.00000000000000e+00	0.00000000000000e+00	0.00000000000000e+00	0.00000000000000e+00
1.00000000000000e+00	0.00000000000000e+00	0.00000000000000e+00	0.00000000000000e+00	0.00000000000000e+00	0.00000000000000e+00
1.00000000000000e+00	0.00000000000000e+00	0.00000000000000e+00	0.00000000000000e+00	0.00000000000000e+00	0.00000000000000e+00
1.00000000000000e+00	0.00000000000000e+00	0.00000000000000e+00	0.00000000000000e+00	0.00000000000000e+00	0.00000000000000e+00
1.00000000000000e+00	0.00000000000000e+00	0.00000000000000e+00	0.00000000000000e+00	0.00000000000000e+00	0.00000000000000e+00
1.00000000000000e+00	0.00000000000000e+00	0.00000000000000e+00	0.00000000000000e+00	0.00000000000000e+00	0.00000000000000e+00
1.00000000000000e+00	0.00000000000000e+00	0.00000000000000e+00	0.00000000000000e+00	0.00000000000000e+00	0.00000000000000e+00
1.00000000000000e+00	0.00000000000000e+00	0.00000000000000e+00	0.00000000000000e+00	0.00000000000000e+00	0.00000000000000e+00
1.00000000000000e+00	0.00000000000000e+00	0.00000000000000e+00	0.00000000000000e+00	0.00000000000000e+00	0.00000000000000e+00
1.00000000000000e+00	0.00000000000000e+00	0.00000000000000e+00	0.00000000000000e+00	0.00000000000000e+00	0.00000000000000e+00
1.00000000000000e+00	0.00000000000000e+00	0.00000000000000e+00	0.00000000000000e+00	0.00000000000000e+00	0.00000000000000e+00
1.00000000000000e+00	0.00000000000000e+00	0.00000000000000e+00	0.00000000000000e+00	0.00000000000000e+00	0.00000000000000e+00
1.00000000000000e+00	0.00000000000000e+00	0.00000000000000e+00	0.00000000000000e+00	0.00000000000000e+00	0.00000000000000e+00
1.00000000000000e+00	0.00000000000000e+00	0.00000000000000e+00	0.00000000000000e+00	0.00000000000000e+00	0.00000000000000e+00
1.00000000000000e+00	0.00000000000000e+00	0.00000000000000e+00	0.00000000000000e+00	0.00000000000000e+00	0.00000000000000e+00
1.00000000000000e+00	0.00000000000000e+00	0.00000000000000e+00	0.00000000000000e+00	0.00000000000000e+00	0.00000000000000e+00
1.00000000000000e+00	0.00000000000000e+00	0.00000000000000e+00	0.00000000000000e+00	0.00000000000000e+00	0.00000000000000e+00
1.00000000000000e+00	0.00000000000000e+00	0.00000000000000e+00	0.00000000000000e+00	0.00000000000000e+00	0.00000000000000e+00
1.00000000000000e+00	0.00000000000000e+00	0.00000000000000e+00	0.00000000000000e+00	0.00000000000000e+00	0.00000000000000e+00
1.00000000000000e+00	0.00000000000000e+00	0.00000000000000e+00	0.00000000000000e+00	0.00000000000000e+00	0.00000000000000e+00
1.00000000000000e+00	0.00000000000000e+00	0.00000000000000e+00	0.00000000000000e+00	0.00000000000000e+00	0.00000000000000e+00
1.00000000000000e+00	0.00000000000000e+00	0.00000000000000e+00	0.00000000000000e+00	0.00000000000000e+00	0.00000000000000e+00
1.00000000000000e+00	0.00000000000000e+00	0.00000000000000e+00	0.00000000000000e+00	0.00000000000000e+00	0.00000000000000e+00
1.00000000000000e+00	0.00000000000000e+00	0.00000000000000e+00	0.00000000000000e+00	0.00000000000000e+00	0.00000000000000e+00
1.00000000000000e+00	0.00000000000000e+00	0.00000000000000e+00	0.00000000000000e+00	0.00000000000000e+00	0.00000000000000e+00
1.00000000000000e+00	0.00000000000000e+00	0.00000000000000e+00	0.00000000000000e+00	0.00000000000000e+00	0.00000000000000e+00
1.00000000000000e+00	0.00000000000000e+00	0.00000000000000e+00	0.00000000000000e+00	0.00000000000000e+00	0.00000000000000e+00
1.00000000000000e+00	0.00000000000000e+00	0.00000000000000e+00	0.00000000000000e+00	0.00000000000000e+00	0.00000000000000e+00
1.00000000000000e+00	0.00000000000000e+00	0.00000000000000e+00	0.00000000000000e+00	0.00000000000000e+00	0.00000000000000e+00
143.8
6.60163000242846e-01	3.65614190740953e-02	3.03275580683059e-01	3.34852102909857e+01	7.07048146943099e-04	2.68813950854489e+00
4.10964306309323e-01	4.84165086238941e-01	1.04870607451736e-01	8.69199957669991e+01	9.93426272341731e+01	7.34290570345809e+01
4.20060672798442e-01	2.41252212148241e-01	3.38687115053318e-01	3.68849774207178e+01	1.96602061338546e+01	6.68110266051237e+01
2.28008301957119e-01	3.35607957210341e-01	4.36383740832540e-01	1.33260358019429e+01	4.12886442621145e+00	7.26109538528100e+00
2.77136258729787e-01	4.47230812922644e-01	2.75632928347570e-01	1.28252770295522e+00	1.98782315467175e+00	3.08512162297572e+00
2.97330086270216e-01	4.32996833356949e-01	2.69673080372835e-01	9.72541629973649e-01	6.00887413251227e-01	3.65349048192014e-01
3.34462955832879e-01	3.50052170329516e-01	3.15484873837605e-01	2.50093149545776e-01	0.00000000000000e+00	1.31869080837206e-01
1.00000000000000e+00	0.00000000000000e+00	0.00000000000000e+00	0.00000000000000e+00	0.00000000000000e+00	0.00000000000000e+00
1.00000000000000e+00	0.00000000000000e+00	0.00000000000000e+00	0.00000000000000e+00	0.00000000000000e+00	0.00000000000000e+00
1.00000000000000e+00	0.00000000000000e+00	0.00000000000000e+00	0.00000000000000e+00	0.00000000000000e+00	0.00000000000000e+00
1.00000000000000e+00	0.00000000000000e+00	0.00000000000000e+00	0.00000000000000e+00	0.00000000000000e+00	0.00000000000000e+00
1.00000000000000e+00	0.00000000000000e+00	0.00000000000000e+00	0.00000000000000e+00	0.00000000000000e+00	0.00000000000000e+00
1.00000000000000e+00	0.00000000000000e+00	0.00000000000000e+00	0.00000000000000e+00	0.00000000000000e+00	0.00000000000000e+00
1.00000000000000e+00	0.00000000000000e+00	0.00000000000000e+00	0.00000000000000e+00	0.00000000000000e+00	0.00000000000000e+00
1.00000000000000e+00	0.00000000000000e+00	0.00000000000000e+00	0.00000000000000e+00	0.00000000000000e+00	0.00000000000000e+00
1.00000000000000e+00	0.00000000000000e+00	0.00000000000000e+00	0.00000000000000e+00	0.00000000000000e+00	0.00000000000000e+00
1.00000000000000e+00	0.00000000000000e+00	0.00000000000000e+00	0.00000000000000e+00	0.00000000000000e+00	0.00000000000000e+00
1.00000000000000e+00	0.00000000000000e+00	0.00000000000000e+00	0.00000000000000e+00	0.00000000000000e+00	0.00000000000000e+00
1.00000000000000e+00	0.00000000000000e+00	0.00000000000000e+00	0.00000000000000e+00	0.00000000000000e+00	0.00000000000000e+00
1.00000000000000e+00	0.00000000000000e+00	0.00000000000000e+00	0.00000000000000e+00	0.00000000000000e+00	0.00000000000000e+00
1.00000000000000e+00	0.00000000000000e+00	0.00000000000000e+00	0.00000000000000e+00	0.00000000000000e+00	0.00000000000000e+00
1.00000000000000e+00	0.00000000000000e+00	0.00000000000000e+00	0.00000000000000e+00	0.00000000000000e+00	0.00000000000000e+00
1.00000000000000e+00	0.00000000000000e+00	0.00000000000000e+00	0.00000000000000e+00	0.00000000000000e+00	0.00000000000000e+00
1.00000000000000e+00	0.00000000000000e+00	0.00000000000000e+00	0.00000000000000e+00	0.00000000000000e+00	0.00000000000000e+00
1.00000000000000e+00	0.00000000000000e+00	0.00000000000000e+00	0.00000000000000e+00	0.00000000000000e+00	0.00000000000000e+00
1.00000000000000e+00	0.00000000000000e+00	0.00000000000000e+00	0.00000000000000e+00	0.00000000000000e+00	0.00000000000000e+00
1.00000000000000e+00	0.00000000000000e+00	0.00000000000000e+00	0.00000000000000e+00	0.00000000000000e+00	0.00000000000000e+00
1.00000000000000e+00	0.00000000000000e+00	0.00000000000000e+00	0.00000000000000e+00	0.00000000000000e+00	0.00000000000000e+00
1.00000000000000e+00	0.00000000000000e+00	0.00000000000000e+00	0.00000000000000e+00	0.00000000000000e+00	0.00000000000000e+00
1.00000000000000e+00	0.00000000000000e+00	0.00000000000000e+00	0.00000000000000e+00	0.00000000000000e+00	0.00000000000000e+00
1.00000000000000e+00	0.00000000000000e+00	0.00000000000000e+00	0.00000000000000e+00	0.00000000000000e+00	0.00000000000000e+00
1.00000000000000e+00	0.00000000000000e+00	0.00000000000000e+00	0.00000000000000e+00	0.00000000000000e+00	0.00000000000000e+00
1.00000000000000e+00	0.00000000000000e+00	0.00000000000000e+00	0.00000000000000e+00	0.00000000000000e+00	0.00000000000000e+00
1.00000000000000e+00	0.00000000000000e+00	0.00000000000000e+00	0.00000000000000e+00	0.00000000000000e+00	0.00000000000000e+00
1.00000000000000e+00	0.00000000000000e+00	0.00000000000000e+00	0.00000000000000e+00	0.00000000000000e+00	0.00000000000000e+00
1.00000000000000e+00	0.00000000000000e+00	0.00000000000000e+00	0.00000000000000e+00	0.00000000000000e+00	0.00000000000000e+00
1.00000000000000e+00	0.00000000000000e+00	0.00000000000000e+00	0.00000000000000e+00	0.00000000000000e+00	0.00000000000000e+00
1.00000000000000e+00	0.00000000000000e+00	0.00000000000000e+00	0.00000000000000e+00	0.00000000000000e+00	0.00000000000000e+00
1.00000000000000e+00	0.00000000000000e+00	0.00000000000000e+00	0.00000000000000e+00	0.00000000000000e+00	0.00000000000000e+00
1.00000000000000e+00	0.00000000000000e+00	0.00000000000000e+00	0.00000000000000e+00	0.00000000000000e+00	0.00000000000000e+00
185.7
6.59702985847305e-01	4.04475802218207e-02	2.99849433930874e-01	2.18010883140500e+01	5.98190424092566e-04	1.82471873205085e+00
1.12103795486012e-01	6.12448787089932e-01	2.75447417424055e-01	4.98671591894823e+01	8.03797076417368e+01	6.48237061159767e+01
3.66360228882395e-01	4.09166616722181e-01	2.24473154395423e-01	6.97748097306562e+01	4.65393080958083e+01	2.99489796125769e+01
2.95112746920380e-01	4.20563861524844e-01	2.84323391554776e-01	6.51925690600533e+00	1.20039655618351e+01	2.19339275732049e+01
4.46613367381407e-01	2.98608146452751e-01	2.54778486165842e-01	3.12936744328942e+00	2.06352521678918e+00	4.81357432688138e+00
4.37389077652467e-01	2.85119681003434e-01	2.77491241344099e-01	1.09840605503359e+00	1.62335638626571e+00	7.38103203114780e-01
2.65031703017957e-01	2.94675358665630e-01	4.40292938316414e-01	2.31214683265107e-01	5.71681012867981e-01	3.64634766688491e-01
3.25807626203889e-01	3.04167211151445e-01	3.70025162644666e-01	1.68180952649901e-01	1.01254857882529e-01	0.00000000000000e+00
1.00000000000000e+00	0.00000000000000e+00	0.00000000000000e+00	0.00000000000000e+00	0.00000000000000e+00	0.00000000000000e+00
1.00000000000000e+00	0.00000000000000e+00	0.00000000000000e+00	0.00000000000000e+00	0.00000000000000e+00	0.00000000000000e+00
1.00000000000000e+00	0.00000000000000e+00	0.00000000000000e+00	0.00000000000000e+00	0.00000000000000e+00	0.00000000000000e+00
1.00000000000000e+00	0.00000000000000e+00	0.00000000000000e+00	0.00000000000000e+00	0.00000000000000e+00	0.00000000000000e+00
1.00000000000000e+00	0.00000000000000e+00	0.00000000000000e+00	0.00000000000000e+00	0.00000000000000e+00	0.00000000000000e+00
1.00000000000000e+00	0.00000000000000e+00	0.00000000000000e+00	0.00000000000000e+00	0.00000000000000e+00	0.00000000000000e+00
1.00000000000000e+00	0.00000000000000e+00	0.00000000000000e+00	0.00000000000000e+00	0.00000000000000e+00	0.00000000000000e+00
1.00000000000000e+00	0.00000000000000e+00	0.00000000000000e+00	0.00000000000000e+00	0.00000000000000e+00	0.00000000000000e+00
1.00000000000000e+00	0.00000000000000e+00	0.00000000000000e+00	0.00000000000000e+00	0.00000000000000e+00	0.00000000000000e+00
1.00000000000000e+00	0.00000000000000e+00	0.00000000000000e+00	0.00000000000000e+00	0.00000000000000e+00	0.00000000000000e+00
1.00000000000000e+00	0.00000000000000e+00	0.00000000000000e+00	0.00000000000000e+00	0.00000000000000e+00	0.00000000000000e+00
1.00000000000000e+00	0.00000000000000e+00	0.00000000000000e+00	0.00000000000000e+00	0.00000000000000e+00	0.00000000000000e+00
1.00000000000000e+00	0.00000000000000e+00	0.00000000000000e+00	0.00000000000000e+00	0.00000000000000e+00	0.00000000000000e+00
1.00000000000000e+00	0.00000000000000e+00	0.00000000000000e+00	0.00000000000000e+00	0.00000000000000e+00	0.00000000000000e+00
1.00000000000000e+00	0.00000000000000e+00	0.00000000000000e+00	0.00000000000000e+00	0.00000000000000e+00	0.00000000000000e+00
1.00000000000000e+00	0.00000000000000e+00	0.00000000000000e+00	0.00000000000000e+00	0.00000000000000e+00	0.00000000000000e+00
1.00000000000000e+00	0.00000000000000e+00	0.00000000000000e+00	0.00000000000000e+00	0.00000000000000e+00	0.00000000000000e+00
1.00000000000000e+00	0.00000000000000e+00	0.00000000000000e+00	0.00000000000000e+00	0.00000000000000e+00	0.00000000000000e+00
1.00000000000000e+00	0.00000000000000e+00	0.00000000000000e+00	0.00000000000000e+00	0.00000000000000e+00	0.00000000000000e+00
1.00000000000000e+00	0.00000000000000e+00	0.00000000000000e+00	0.00000000000000e+00	0.00000000000000e+00	0.00000000000000e+00
1.00000000000000e+00	0.00000000000000e+00	0.00000000000000e+00	0.00000000000000e+00	0.00000000000000e+00	0.00000000000000e+00
1.00000000000000e+00	0.00000000000000e+00	0.00000000000000e+00	0.00000000000000e+00	0.00000000000000e+00	0.00000000000000e+00
1.00000000000000e+00	0.00000000000000e+00	0.00000000000000e+00	0.00000000000000e+00	0.00000000000000e+00	0.00000000000000e+00
1.00000000000000e+00	0.00000000000000e+00	0.00000000000000e+00	0.00000000000000e+00	0.00000000000000e+00	0.00000000000000e+00
1.00000000000000e+00	0.00000000000000e+00	0.00000000000000e+00	0.00000000000000e+00	0.00000000000000e+00	0.00000000000000e+00
1.00000000000000e+00	0.00000000000000e+00	0.00000000000000e+00	0.00000000000000e+00	0.00000000000000e+00	0.00000000000000e+00
1.00000000000000e+00	0.00000000000000e+00	0.00000000000000e+00	0.00000000000000e+00	0.00000000000000e+00	0.00000000000000e+00
1.00000000000000e+00	0.00000000000000e+00	0.00000000000000e+00	0.00000000000000e+00	0.00000000000000e+00	0.00000000000000e+00
1.00000000000000e+00	0.00000000000000e+00	0.00000000000000e+00	0.00000000000000e+00	0.00000000000000e+00	0.00000000000000e+00
1.00000000000000e+00	0.00000000000000e+00	0.00000000000000e+00	0.00000000000000e+00	0.00000000000000e+00	0.00000000000000e+00
1.00000000000000e+00	0.00000000000000e+00	0.00000000000000e+00	0.00000000000000e+00	0.00000000000000e+00	0.00000000000000e+00
1.00000000000000e+00	0.00000000000000e+00	0.00000000000000e+00	0.00000000000000e+00	0.00000000000000e+00	0.00000000000000e+00
239.8
4.51430397180579e-02	2.94003914304254e-01	6.60853045977688e-01	5.17192411651284e-04	1.26082550697503e+00	1.46077089277395e+01
3.39449195000143e-01	5.11469627419632e-01	1.49081177580225e-01	4.92798076165812e+01	6.68337517966283e+01	3.46611466911462e+01
4.28220317403258e-01	1.91702277219002e-01	3.80077405377740e-01	6.65290173645762e+01	3.97501570632454e+01	5.21943276680178e+01
3.07734572559056e-01	2.59646118210757e-01	4.32619309230187e-01	3.16970225130738e+01	1.11956362222620e+01	1.90117876199913e+01
2.40993096449148e-01	4.38533482137537e-01	3.20473421413315e-01	8.22456348310537e+00	5.11885715210335e+00	3.27806318306595e+00
2.86694095230636e-01	2.71685731058091e-01	4.41620173711274e-01	1.30364556929182e+00	2.59714034425065e+00	1.83935403044991e+00
2.68024608314472e-01	4.42791571719315e-01	2.89183819966213e-01	5.15773158365669e-01	7.39336130174237e-01	1.05692282518631e+00
2.61307097470926e-01	4.38884973775150e-01	2.99807928753924e-01	1.77470500116592e-01	2.70822871914316e-01	4.10074983027879e-01
2.97654518001676e-01	2.92326645425941e-01	4.10018836572384e-01	1.32626115025316e-01	8.33515747976249e-02	0.00000000000000e+00
1.00000000000000e+00	0.00000000000000e+00	0.00000000000000e+00	0.00000000000000e+00	0.00000000000000e+00	0.00000000000000e+00
1.00000000000000e+00	0.00000000000000e+00	0.00000000000000e+00	0.00000000000000e+00	0.00000000000000e+00	0.00000000000000e+00
1.00000000000000e+00	0.00000000000000e+00	0.00000000000000e+00	0.00000000000000e+00	0.00000000000000e+00	0.00000000000000e+00
1.00000000000000e+00	0.00000000000000e+00	0.00000000000000e+00	0.00000000000000e+00	0.00000000000000e+00	0.00000000000000e+00
1.00000000000000e+00	0.00000000000000e+00	0.00000000000000e+00	0.00000000000000e+00	0.00000000000000e+00	0.00000000000000e+00
1.00000000000000e+00	0.00000000000000e+00	0.00000000000000e+00	0.00000000000000e+00	0.00000000000000e+00	0.00000000000000e+00
1.00000000000000e+00	0.00000000000000e+00	0.00000000000000e+00	0.00000000000000e+00	0.00000000000000e+00	0.00000000000000e+00
1.00000000000000e+00	0.00000000000000e+00	0.00000000000000e+00	0.00000000000000e+00	0.00000000000000e+00	0.00000000000000e+00
1.00000000000000e+00	0.00000000000000e+00	0.00000000000000e+00	0.00000000000000e+00	0.00000000000000e+00	0.00000000000000e+00
1.00000000000000e+00	0.00000000000000e+00	0.00000000000000e+00	0.00000000000000e+00	0.00000000000000e+00	0.00000000000000e+00
1.00000000000000e+00	0.00000000000000e+00	0.00000000000000e+00	0.00000000000000e+00	0.00000000000000e+00	0.00000000000000e+00
1.00000000000000e+00	0.00000000000000e+00	0.00000000000000e+00	0.00000000000000e+00	0.00000000000000e+00	0.00000000000000e+00
1.00000000000000e+00	0.00000000000000e+00	0.00000000000000e+00	0.00000000000000e+00	0.00000000000000e+00	0.00000000000000e+00
1.00000000000000e+00	0.00000000000000e+00	0.00000000000000e+00	0.00000000000000e+00	0.00000000000000e+00	0.00000000000000e+00
1.00000000000000e+00	0.00000000000000e+00	0.00000000000000e+00	0.00000000000000e+00	0.00000000000000e+00	0.00000000000000e+00
1.00000000000000e+00	0.00000000000000e+00	0.00000000000000e+00	0.00000000000000e+00	0.00000000000000e+00	0.00000000000000e+00
1.00000000000000e+00	0.00000000000000e+00	0.00000000000000e+00	0.00000000000000e+00	0.00000000000000e+00	0.00000000000000e+00
1.00000000000000e+00	0.00000000000000e+00	0.00000000000000e+00	0.00000000000000e+00	0.00000000000000e+00	0.00000000000000e+00
1.00000000000000e+00	0.00000000000000e+00	0.00000000000000e+00	0.00000000000000e+00	0.00000000000000e+00	0.00000000000000e+00
1.00000000000000e+00	0.00000000000000e+00	0.00000000000000e+00	0.00000000000000e+00	0.00000000000000e+00	0.00000000000000e+00
1.00000000000000e+00	0.00000000000000e+00	0.00000000000000e+00	0.00000000000000e+00	0.00000000000000e+00	0.00000000000000e+00
1.00000000000000e+00	0.00000000000000e+00	0.00000000000000e+00	0.00000000000000e+00	0.00000000000000e+00	0.00000000000000e+00
1.00000000000000e+00	0.00000000000000e+00	0.00000000000000e+00	0.00000000000000e+00	0.00000000000000e+00	0.00000000000000e+00
1.00000000000000e+00	0.00000000000000e+00	0.00000000000000e+00	0.00000000000000e+00	0.00000000000000e+00	0.00000000000000e+00
1.00000000000000e+00	0.00000000000000e+00	0.00000000000000e+00	0.00000000000000e+00	0.00000000000000e+00	0.00000000000000e+00
1.00000000000000e+00	0.00000000000000e+00	0.00000000000000e+00	0.00000000000000e+00	0.00000000000000e+00	0.00000000000000e+00
1.00000000000000e+00	0.00000000000000e+00	0.00000000000000e+00	0.00000000000000e+00	0.00000000000000e+00	0.00000000000000e+00
1.00000000000000e+00	0.00000000000000e+00	0.00000000000000e+00	0.00000000000000e+00	0.00000000000000e+00	0.00000000000000e+00
1.00000000000000e+00	0.00000000000000e+00	0.00000000000000e+00	0.00000000000000e+00	0.00000000000000e+00	0.00000000000000e+00
1.00000000000000e+00	0.00000000000000e+00	0.00000000000000e+00	0.00000000000000e+00	0.00000000000000e+00	0.00000000000000e+00
1.00000000000000e+00	0.00000000000000e+00	0.00000000000000e+00	0.00000000000000e+00	0.00000000000000e+00	0.00000000000000e+00
309.7
2.88504769483914e-01	4.83404878909053e-02	6.63154742625181e-01	8.88810290580288e-01	4.57230026389559e-04	1.00857378473870e+01
3.85180338831790e-01	1.79596813479340e-01	4.35222847688870e-01	3.72479146039903e+01	2.43185208189128e+01	5.40791429635864e+01
1.43896002736477e-01	2.97145317895289e-01	5.58958679368235e-01	4.68822194883273e+01	5.33044393121426e+01	5.95513985839219e+01
2.46050185256705e-01	4.30166304857407e-01	3.23783509885888e-01	1.88863903722426e+01	2.80528689108152e+01	4.07837264917681e+01
3.09949852380478e-01	2.69510718753796e-01	4.20539428865726e-01	5.44275926677175e+00	1.44733695813661e+01	8.78223809389053e+00
4.42770145259470e-01	2.99930458919747e-01	2.57299395820783e-01	3.04620783161080e+00	2.18711043983734e+00	4.28043750990116e+00
4.44498836055981e-01	2.75238017565171e-01	2.80263146378848e-01	1.34243145183867e+00	9.94342394747403e-01	1.81326938976547e+00
2.91086662112174e-01	4.40692043498189e-01	2.68221294389637e-01	8.28680021843964e-01	6.01511429795614e-01	4.35124786430432e-01
4.40943935835751e-01	2.54616160275219e-01	3.04439903889030e-01	2.37825262080978e-01	1.57931952277436e-01	3.52467122013738e-01
3.34387951347867e-01	3.30027117246121e-01	3.35584931406012e-01	1.17542460152175e-01	0.00000000000000e+00	7.25720489848138e-02
1.00000000000000e+00	0.00000000000000e+00	0.00000000000000e+00	0.00000000000000e+00	0.00000000000000e+00	0.00000000000000e+00
1.00000000000000e+00	0.00000000000000e+00	0.00000000000000e+00	0.00000000000000e+00	0.00000000000000e+00	0.00000000000000e+00
1.00000000000000e+00	0.00000000000000e+00	0.00000000000000e+00	0.00000000000000e+00	0.00000000000000e+00	0.00000000000000e+00
1.00000000000000e+00	0.00000000000000e+00	0.00000000000000e+00	0.00000000000000e+00	0.00000000000000e+00	0.00000000000000e+00
1.00000000000000e+00	0.00000000000000e+00	0.00000000000000e+00	0.00000000000000e+00	0.00000000000000e+00	0.00000000000000e+00
1.00000000000000e+00	0.00000000000000e+00	0.00000000000000e+00	0.00000000000000e+00	0.00000000000000e+00	0.00000000000000e+00
1.00000000000000e+00	0.00000000000000e+00	0.00000000000000e+00	0.00000000000000e+00	0.00000000000000e+00	0.00000000000000e+00
1.00000000000000e+00	0.00000000000000e+00	0.00000000000000e+00	0.00000000000000e+00	0.00000000000000e+00	0.00000000000000e+00
1.00000000000000e+00	0.00000000000000e+00	0.00000000000000e+00	0.00000000000000e+00	0.00000000000000e+00	0.00000000000000e+00
1.00000000000000e+00	0.00000000000000e+00	0.00000000000000e+00	0.00000000000000e+00	0.00000000000000e+00	0.00000000000000e+00
1.00000000000000e+00	0.00000000000000e+00	0.00000000000000e+00	0.00000000000000e+00	0.00000000000000e+00	0.00000000000000e+00
1.00000000000000e+00	0.00000000000000e+00	0.00000000000000e+00	0.00000000000000e+00	0.00000000000000e+00	0.00000000000000e+00
1.00000000000000e+00	0.00000000000000e+00	0.00000000000000e+00	0.00000000000000e+00	0.00000000000000e+00	0.00000000000000e+00
1.00000000000000e+00	0.00000000000000e+00	0.00000000000000e+00	0.00000000000000e+00	0.00000000000000e+00	0.00000000000000e+00
1.00000000000000e+00	0.00000000000000e+00	0.00000000000000e+00	0.00000000000000e+00	0.00000000000000e+00	0.00000000000000e+00
1.00000000000000e+00	0.00000000000000e+00	0.00000000000000e+00	0.00000000000000e+00	0.00000000000000e+00	0.00000000000000e+00
1.00000000000000e+00	0.00000000000000e+00	0.00000000000000e+00	0.00000000000000e+00	0.00000000000000e+00	0.00000000000000e+00
1.00000000000000e+00	0.00000000000000e+00	0.00000000000000e+00	0.00000000000000e+00	0.00000000000000e+00	0.00000000000000e+00
1.00000000000000e+00	0.00000000000000e+00	0.00000000000000e+00	0.00000000000000e+00	0.00000000000000e+00	0.00000000000000e+00
1.00000000000000e+00	0.00000000000000e+00	0.00000000000000e+00	0.00000000000000e+00	0.00000000000000e+00	0.00000000000000e+00
1.00000000000000e+00	0.00000000000000e+00	0.00000000000000e+00	0.00000000000000e+00	0.00000000000000e+00	0.00000000000000e+00
1.00000000000000e+00	0.00000000000000e+00	0.00000000000000e+00	0.00000000000000e+00	0.00000000000000e+00	0.00000000000000e+00
1.00000000000000e+00	0.00000000000000e+00	0.00000000000000e+00	0.00000000000000e+00	0.00000000000000e+00	0.00000000000000e+00
1.00000000000000e+00	0.00000000000000e+00	0.00000000000000e+00	0.00000000000000e+00	0.00000000000000e+00	0.00000000000000e+00
1.00000000000000e+00	0.00000000000000e+00	0.00000000000000e+00	0.00000000000000e+00	0.00000000000000e+00	0.00000000000000e+00
1.00000000000000e+00	0.00000000000000e+00	0.00000000000000e+00	0.00000000000000e+00	0.00000000000000e+00	0.00000000000000e+00
1.00000000000000e+00	0.00000000000000e+00	0.00000000000000e+00	0.00000000000000e+00	0.00000000000000e+00	0.00000000000000e+00
1.00000000000000e+00	0.00000000000000e+00	0.00000000000000e+00	0.00000000000000e+00	0.00000000000000e+00	0.00000000000000e+00
1.00000000000000e+00	0.00000000000000e+00	0.00000000000000e+00	0.00000000000000e+00	0.00000000000000e+00	0.00000000000000e+00
1.00000000000000e+00	0.00000000000000e+00	0.00000000000000e+00	0.00000000000000e+00	0.00000000000000e+00	0.00000000000000e+00
400.0
2.84324916296967e-01	5.37729841753360e-02	6.61902099527697e-01	6.52878376416142e-01	3.68001797927502e-04	7.19535524495071e+00
3.91720324188043e-01	4.06984105221037e-01	2.01295570590920e-01	4.22460569565013e+01	2.76795682421468e+01	1.72509849382620e+01
1.31311134173426e-01	4.36348377960452e-01	4.32340487866122e-01	4.80352224080135e+01	5.32377199357790e+01	5.10297980983267e+01
2.29614320538992e-01	4.21232475961866e-01	3.49153203499142e-01	2.81042677860841e+01	3.64253116198779e+01	4.62711058860799e+01
2.56148999601751e-01	3.07777016694567e-01	4.36073983703681e-01	1.03334562183291e+01	2.31391754821469e+01	1.55734987832666e+01
2.49358365495543e-01	3.12919778997680e-01	4.37721855506777e-01	8.14292810055567e+00	3.84308357375352e+00	5.54537789909977e+00
2.67243514990787e-01	2.87794779444827e-01	4.44961705564387e-01	3.17454878061748e+00	1.81052025251856e+00	2.39101501121050e+00
4.43047066592625e-01	2.76028462310042e-01	2.80924471097333e-01	1.18439313450873e+00	9.08254367593675e-01	1.54433546046403e+00
2.70389814460430e-01	2.86075519091738e-01	4.43534666447833e-01	4.39034228687801e-01	7.74111887125935e-01	5.84094412418562e-01
4.42827563119688e-01	2.59835934644522e-01	2.97336502235791e-01	2.64207817549790e-01	1.88843990337387e-01	3.66863282527599e-01
4.37358919299043e-01	2.89409149662264e-01	2.73231931038693e-01	1.01128971203504e-01	1.51799760569144e-01	6.70794179923987e-02
8.99868163048934e-02	3.65357144344528e-01	5.44656039350579e-01	5.65512112572899e-02	0.00000000000000e+00	0.00000000000000e+00
1.00000000000000e+00	0.00000000000000e+00	0.00000000000000e+00	0.00000000000000e+00	0.00000000000000e+00	0.00000000000000e+00
1.00000000000000e+00	0.00000000000000e+00	0.00000000000000e+00	0.00000000000000e+00	0.00000000000000e+00	0.00000000000000e+00
1.00000000000000e+00	0.00000000000000e+00	0.00000000000000e+00	0.00000000000000e+00	0.00000000000000e+00	0.00000000000000e+00
1.00000000000000e+00	0.00000000000000e+00	0.00000000000000e+00	0.00000000000000e+00	0.00000000000000e+00	0.00000000000000e+00
1.00000000000000e+00	0.00000000000000e+00	0.00000000000000e+00	0.00000000000000e+00	0.00000000000000e+00	0.00000000000000e+00
1.00000000000000e+00	0.00000000000000e+00	0.00000000000000e+00	0.00000000000000e+00	0.00000000000000e+00	0.00000000000000e+00
1.00000000000000e+00	0.00000000000000e+00	0.00000000000000e+00	0.00000000000000e+00	0.00000000000000e+00	0.00000000000000e+00
1.00000000000000e+00	0.00000000000000e+00	0.00000000000000e+00	0.00000000000000e+00	0.00000000000000e+00	0.00000000000000e+00
1.00000000000000e+00	0.00000000000000e+00	0.00000000000000e+00	0.00000000000000e+00	0.00000000000000e+00	0.00000000000000e+00
1.00000000000000e+00	0.00000000000000e+00	0.00000000000000e+00	0.00000000000000e+00	0.00000000000000e+00	0.00000000000000e+00
1.00000000000000e+00	0.00000000000000e+00	0.00000000000000e+00	0.00000000000000e+00	0.00000000000000e+00	0.00000000000000e+00
1.00000000000000e+00	0.00000000000000e+00	0.00000000000000e+00	0.00000000000000e+00	0.00000000000000e+00	0.00000000000000e+00
1.00000000000000e+00	0.00000000000000e+00	0.00000000000000e+00	0.00000000000000e+00	0.00000000000000e+00	0.00000000000000e+00
1.00000000000000e+00	0.00000000000000e+00	0.00000000000000e+00	0.00000000000000e+00	0.00000000000000e+00	0.00000000000000e+00
1.00000000000000e+00	0.00000000000000e+00	0.00000000000000e+00	0.00000000000000e+00	0.00000000000000e+00	0.00000000000000e+00
1.00000000000000e+00	0.00000000000000e+00	0.00000000000000e+00	0.00000000000000e+00	0.00000000000000e+00	0.00000000000000e+00
1.00000000000000e+00	0.00000000000000e+00	0.00000000000000e+00	0.00000000000000e+00	0.00000000000000e+00	0.00000000000000e+00
1.00000000000000e+00	0.00000000000000e+00	0.00000000000000e+00	0.00000000000000e+00	0.00000000000000e+00	0.00000000000000e+00
1.00000000000000e+00	0.00000000000000e+00	0.00000000000000e+00	0.00000000000000e+00	0.00000000000000e+00	0.00000000000000e+00
1.00000000000000e+00	0.00000000000000e+00	0.00000000000000e+00	0.00000000000000e+00	0.00000000000000e+00	0.00000000000000e+00
1.00000000000000e+00	0.00000000000000e+00	0.00000000000000e+00	0.00000000000000e+00	0.00000000000000e+00	0.00000000000000e+00
1.00000000000000e+00	0.00000000000000e+00	0.00000000000000e+00	0.00000000000000e+00	0.00000000000000e+00	0.00000000000000e+00
1.00000000000000e+00	0.00000000000000e+00	0.00000000000000e+00	0.00000000000000e+00	0.00000000000000e+00	0.00000000000000e+00
1.00000000000000e+00	0.00000000000000e+00	0.00000000000000e+00	0.00000000000000e+00	0.00000000000000e+00	0.00000000000000e+00
1.00000000000000e+00	0.00000000000000e+00	0.00000000000000e+00	0.00000000000000e+00	0.00000000000000e+00	0.00000000000000e+00
1.00000000000000e+00	0.00000000000000e+00	0.00000000000000e+00	0.00000000000000e+00	0.00000000000000e+00	0.00000000000000e+00
1.00000000000000e+00	0.00000000000000e+00	0.00000000000000e+00	0.00000000000000e+00	0.00000000000000e+00	0.00000000000000e+00
1.00000000000000e+00	0.00000000000000e+00	0.00000000000000e+00	0.00000000000000e+00	0.00000000000000e+00	0.00000000000000e+00
