Exponential-sum fit to transmissions (IR) - N2-H2
   25.00	   75.00	  125.00	  175.00	  225.00	  275.00	  325.00	  375.00	  425.00	  475.00	  525.00	  575.00	  625.00	  675.00	  725.00	  775.00	  825.00	  875.00	  925.00	  975.00	 1025.00	 1075.00	 1125.00	 1175.00	 1225.00	 1275.00	 1325.00	 1375.00	 1425.00	 1475.00	 1525.00	 1575.00	 1625.00	 1675.00	 1725.00	 1775.00	 1825.00	 1875.00	 1925.00	 1975.00
 40.0
2.49680454415520e-01	8.64770066038608e-02	6.63842538980620e-01	9.71593152732620e+00	0.00000000000000e+00	7.87381449075374e+01
3.67765199759846e-01	4.24350697068574e-01	2.07884103171580e-01	9.11265674490941e+01	1.16507382737437e+02	7.00941485894012e+01
3.01823412229136e-01	2.63167867639255e-01	4.35008720131609e-01	3.18363222091004e+01	5.89238940358916e+01	4.31424703351357e+01
2.91052932367861e-01	4.45372925094379e-01	2.63574142537760e-01	1.66472024159179e+01	2.12064206066650e+01	2.71688321388474e+01
3.85778265292410e-01	3.91705276422953e-01	2.22516458284637e-01	1.04683008098220e+01	1.23802613344638e+01	1.47537061969758e+01
1.74102672918792e-01	4.98497101629824e-01	3.27400225451384e-01	4.53801449160942e+01	1.11451056951733e+01	2.15729677116963e+01
3.05926115900651e-01	4.02231251489395e-01	2.91842632609954e-01	1.21976644573448e+03	3.05726019795244e+02	8.72637458319442e+01
2.40512491178238e-01	4.20136867556362e-01	3.39350641265399e-01	7.69958971496730e+02	1.20507538877642e+03	2.01074522557217e+03
4.27102731543234e-01	2.76608330191265e-01	2.96288938265501e-01	3.03478116109085e+02	5.54211760981192e+02	1.67858995721705e+02
2.50781068705346e-01	3.16039604091198e-01	4.33179327203457e-01	1.22614773425102e+02	5.02333301558073e+01	7.77055671958679e+01
4.50927720021659e-01	1.81165450103976e-01	3.67906829874365e-01	3.22646278505408e+01	4.23190969638203e+01	3.67256732068717e+01
4.16482213036165e-01	2.78589278630566e-01	3.04928508333269e-01	2.40990992626560e+02	5.37332925420296e+01	1.25976502752828e+02
1.67926876777287e-01	3.11018521740292e-01	5.21054601482421e-01	2.36521648492145e+02	6.09132138692862e+01	1.17442187303229e+02
2.60192413729330e-01	3.08299432130226e-01	4.31508154140444e-01	4.22538094808871e+01	1.47125738393511e+01	2.46994805904174e+01
2.54679036730227e-01	3.05533368812132e-01	4.39787594457641e-01	1.12763552426960e+01	5.34839617346316e+00	7.71216425005946e+00
2.64154711744859e-01	4.40930113644075e-01	2.94915174611067e-01	4.40942941194124e+00	3.29305275095773e+00	2.47256096146353e+00
3.07319096355605e-02	4.84213817336205e-01	4.85054273028234e-01	1.68669606422295e+00	0.00000000000000e+00	0.00000000000000e+00
1.00000000000000e+00	0.00000000000000e+00	0.00000000000000e+00	0.00000000000000e+00	0.00000000000000e+00	0.00000000000000e+00
1.00000000000000e+00	0.00000000000000e+00	0.00000000000000e+00	0.00000000000000e+00	0.00000000000000e+00	0.00000000000000e+00
1.00000000000000e+00	0.00000000000000e+00	0.00000000000000e+00	0.00000000000000e+00	0.00000000000000e+00	0.00000000000000e+00
1.00000000000000e+00	0.00000000000000e+00	0.00000000000000e+00	0.00000000000000e+00	0.00000000000000e+00	0.00000000000000e+00
1.00000000000000e+00	0.00000000000000e+00	0.00000000000000e+00	0.00000000000000e+00	0.00000000000000e+00	0.00000000000000e+00
1.00000000000000e+00	0.00000000000000e+00	0.00000000000000e+00	0.00000000000000e+00	0.00000000000000e+00	0.00000000000000e+00
1.00000000000000e+00	0.00000000000000e+00	0.00000000000000e+00	0.00000000000000e+00	0.00000000000000e+00	0.00000000000000e+00
1.00000000000000e+00	0.00000000000000e+00	0.00000000000000e+00	0.00000000000000e+00	0.00000000000000e+00	0.00000000000000e+00
1.00000000000000e+00	0.00000000000000e+00	0.00000000000000e+00	0.00000000000000e+00	0.00000000000000e+00	0.00000000000000e+00
1.00000000000000e+00	0.00000000000000e+00	0.00000000000000e+00	0.00000000000000e+00	0.00000000000000e+00	0.00000000000000e+00
1.00000000000000e+00	0.00000000000000e+00	0.00000000000000e+00	0.00000000000000e+00	0.00000000000000e+00	0.00000000000000e+00
1.00000000000000e+00	0.00000000000000e+00	0.00000000000000e+00	0.00000000000000e+00	0.00000000000000e+00	0.00000000000000e+00
1.00000000000000e+00	0.00000000000000e+00	0.00000000000000e+00	0.00000000000000e+00	0.00000000000000e+00	0.00000000000000e+00
1.00000000000000e+00	0.00000000000000e+00	0.00000000000000e+00	0.00000000000000e+00	0.00000000000000e+00	0.00000000000000e+00
1.00000000000000e+00	0.00000000000000e+00	0.00000000000000e+00	0.00000000000000e+00	0.00000000000000e+00	0.00000000000000e+00
1.00000000000000e+00	0.00000000000000e+00	0.00000000000000e+00	0.00000000000000e+00	0.00000000000000e+00	0.00000000000000e+00
1.00000000000000e+00	0.00000000000000e+00	0.00000000000000e+00	0.00000000000000e+00	0.00000000000000e+00	0.00000000000000e+00
1.00000000000000e+00	0.00000000000000e+00	0.00000000000000e+00	0.00000000000000e+00	0.00000000000000e+00	0.00000000000000e+00
1.00000000000000e+00	0.00000000000000e+00	0.00000000000000e+00	0.00000000000000e+00	0.00000000000000e+00	0.00000000000000e+00
1.00000000000000e+00	0.00000000000000e+00	0.00000000000000e+00	0.00000000000000e+00	0.00000000000000e+00	0.00000000000000e+00
1.00000000000000e+00	0.00000000000000e+00	0.00000000000000e+00	0.00000000000000e+00	0.00000000000000e+00	0.00000000000000e+00
1.00000000000000e+00	0.00000000000000e+00	0.00000000000000e+00	0.00000000000000e+00	0.00000000000000e+00	0.00000000000000e+00
1.00000000000000e+00	0.00000000000000e+00	0.00000000000000e+00	0.00000000000000e+00	0.00000000000000e+00	0.00000000000000e+00
 51.7
6.55749689365475e-01	2.57478122441113e-01	8.67721881934116e-02	5.51246871650148e+01	6.64634933305872e+00	0.00000000000000e+00
5.10198430180019e-01	3.25774309523990e-01	1.64027260295991e-01	9.26700711098379e+01	7.90427669048727e+01	6.57199718848648e+01
2.96173314621972e-01	2.69748226959415e-01	4.34078458418614e-01	3.15421192052249e+01	5.69689398893702e+01	4.22499648226773e+01
4.46023611067449e-01	2.63086782370075e-01	2.90889606562476e-01	2.11943108157707e+01	2.70383072149582e+01	1.67135623972552e+01
3.40498568133076e-01	4.72089925766647e-01	1.87411506100277e-01	1.30060286851813e+01	1.13679292503055e+01	1.49856367653907e+01
1.96886004499488e-01	3.59534137744581e-01	4.43579857755931e-01	5.20739415714010e+01	2.49837704827105e+01	1.29000382735908e+01
2.81074729326048e-01	3.10493043959645e-01	4.08432226714307e-01	9.26260095091157e+01	8.45096859780341e+02	2.69108534533954e+02
2.22170492772431e-01	3.36815896795028e-01	4.41013610432540e-01	5.51743813459479e+02	1.26480414035382e+03	8.22238194637943e+02
4.29795954870183e-01	2.93385790103010e-01	2.76818255026807e-01	2.34835824898165e+02	1.35075026636728e+02	4.11241783141125e+02
3.31838176134916e-01	2.43334553890033e-01	4.24827269975051e-01	4.42594494279957e+01	1.00965941296257e+02	6.61429777506039e+01
2.56202166553070e-01	1.23392072003531e-01	6.20405761443399e-01	4.91492453040175e+01	7.02334069115460e+01	3.66139173388947e+01
2.43716975012962e-01	3.12674497385154e-01	4.43608527601884e-01	9.73622468762899e+01	2.08996088869424e+02	3.87043211781727e+02
2.99278162555047e-01	1.87430035798813e-01	5.13291801646140e-01	1.12753648652588e+02	3.84217525931524e+02	2.07890003960339e+02
3.02603137524189e-01	4.32043074523090e-01	2.65353787952721e-01	2.79874163634349e+01	4.69200350855632e+01	7.97832620032540e+01
2.55329931324567e-01	4.38704748323326e-01	3.05965320352107e-01	2.13741386629997e+01	1.44453654106888e+01	9.90260189732290e+00
3.22664435440140e-01	2.49353004280604e-01	4.27982560279256e-01	4.68342555606571e+00	8.16471837793177e+00	6.16104261488919e+00
2.58913046284945e-01	3.09624355572488e-01	4.31462598142567e-01	2.43371380966880e+00	4.04644301217790e+00	3.18602262887642e+00
6.89612727602014e-01	3.30422489885819e-01	-2.00352174878324e-02	1.76554937362825e+00	0.00000000000000e+00	0.00000000000000e+00
1.00000000000000e+00	0.00000000000000e+00	0.00000000000000e+00	0.00000000000000e+00	0.00000000000000e+00	0.00000000000000e+00
1.00000000000000e+00	0.00000000000000e+00	0.00000000000000e+00	0.00000000000000e+00	0.00000000000000e+00	0.00000000000000e+00
1.00000000000000e+00	0.00000000000000e+00	0.00000000000000e+00	0.00000000000000e+00	0.00000000000000e+00	0.00000000000000e+00
1.00000000000000e+00	0.00000000000000e+00	0.00000000000000e+00	0.00000000000000e+00	0.00000000000000e+00	0.00000000000000e+00
1.00000000000000e+00	0.00000000000000e+00	0.00000000000000e+00	0.00000000000000e+00	0.00000000000000e+00	0.00000000000000e+00
1.00000000000000e+00	0.00000000000000e+00	0.00000000000000e+00	0.00000000000000e+00	0.00000000000000e+00	0.00000000000000e+00
1.00000000000000e+00	0.00000000000000e+00	0.00000000000000e+00	0.00000000000000e+00	0.00000000000000e+00	0.00000000000000e+00
1.00000000000000e+00	0.00000000000000e+00	0.00000000000000e+00	0.00000000000000e+00	0.00000000000000e+00	0.00000000000000e+00
1.00000000000000e+00	0.00000000000000e+00	0.00000000000000e+00	0.00000000000000e+00	0.00000000000000e+00	0.00000000000000e+00
1.00000000000000e+00	0.00000000000000e+00	0.00000000000000e+00	0.00000000000000e+00	0.00000000000000e+00	0.00000000000000e+00
1.00000000000000e+00	0.00000000000000e+00	0.00000000000000e+00	0.00000000000000e+00	0.00000000000000e+00	0.00000000000000e+00
1.00000000000000e+00	0.00000000000000e+00	0.00000000000000e+00	0.00000000000000e+00	0.00000000000000e+00	0.00000000000000e+00
1.00000000000000e+00	0.00000000000000e+00	0.00000000000000e+00	0.00000000000000e+00	0.00000000000000e+00	0.00000000000000e+00
1.00000000000000e+00	0.00000000000000e+00	0.00000000000000e+00	0.00000000000000e+00	0.00000000000000e+00	0.00000000000000e+00
1.00000000000000e+00	0.00000000000000e+00	0.00000000000000e+00	0.00000000000000e+00	0.00000000000000e+00	0.00000000000000e+00
1.00000000000000e+00	0.00000000000000e+00	0.00000000000000e+00	0.00000000000000e+00	0.00000000000000e+00	0.00000000000000e+00
1.00000000000000e+00	0.00000000000000e+00	0.00000000000000e+00	0.00000000000000e+00	0.00000000000000e+00	0.00000000000000e+00
1.00000000000000e+00	0.00000000000000e+00	0.00000000000000e+00	0.00000000000000e+00	0.00000000000000e+00	0.00000000000000e+00
1.00000000000000e+00	0.00000000000000e+00	0.00000000000000e+00	0.00000000000000e+00	0.00000000000000e+00	0.00000000000000e+00
1.00000000000000e+00	0.00000000000000e+00	0.00000000000000e+00	0.00000000000000e+00	0.00000000000000e+00	0.00000000000000e+00
1.00000000000000e+00	0.00000000000000e+00	0.00000000000000e+00	0.00000000000000e+00	0.00000000000000e+00	0.00000000000000e+00
1.00000000000000e+00	0.00000000000000e+00	0.00000000000000e+00	0.00000000000000e+00	0.00000000000000e+00	0.00000000000000e+00
 66.7
7.79861688980016e-02	2.61763604265339e-01	6.60250226836659e-01	0.00000000000000e+00	4.20387047360368e+00	3.88627094377934e+01
1.37468067301164e-01	3.70933993685917e-01	4.91597939012918e-01	6.29009721972455e+01	6.97601801877939e+01	7.62330342592900e+01
2.83759285150313e-01	2.85105180668499e-01	4.31135534181189e-01	3.27463633230022e+01	5.62686717302630e+01	4.28910797408298e+01
2.94483834173570e-01	4.44432491978623e-01	2.61083673847807e-01	1.78276155676086e+01	2.23943620493032e+01	2.83106996702360e+01
3.10966841843546e-01	5.25919933391400e-01	1.63113224765054e-01	1.44222966573019e+01	1.30161067732179e+01	1.61710609021972e+01
2.07274396080555e-01	3.77698414305366e-01	4.15027189614079e-01	5.38022524202575e+01	2.77483014762600e+01	1.52287693088241e+01
3.13489326112132e-01	2.72616770678420e-01	4.13893903209448e-01	5.51889074294204e+02	8.76147134038863e+01	2.15153375669141e+02
4.55033781272882e-01	3.35630616803469e-01	2.09335601923649e-01	5.35478455502428e+02	7.64820907349828e+02	3.78229693332829e+02
4.32273709475375e-01	2.91184627665990e-01	2.76541662858634e-01	1.75408434917615e+02	1.05984330950814e+02	2.92023975084172e+02
3.97325728345925e-01	3.81717742097739e-01	2.20956529556336e-01	5.75303092004719e+01	4.12348053576430e+01	8.21187517457290e+01
1.76581722993155e-01	3.29678869058607e-01	4.93739407948238e-01	1.07370086007700e+02	6.42567753755259e+01	4.03006233645727e+01
3.23424522564426e-01	4.50543741742973e-01	2.26031735692601e-01	2.90581469990376e+02	4.93509536940364e+02	1.51931440688777e+02
2.05740114087932e-01	2.88736447095208e-01	5.05523438816860e-01	4.88508271907276e+02	1.66428217350059e+02	2.88293797158568e+02
2.69228928536775e-01	4.34112476602132e-01	2.96658594861093e-01	1.21492422436405e+02	7.35636575683694e+01	4.49793336050509e+01
2.57405782356019e-01	4.37777394966941e-01	3.04816822677040e-01	3.45882162172614e+01	2.33451651330193e+01	1.59651369247667e+01
3.92032910732182e-01	3.92484756909560e-01	2.15482332358258e-01	8.30303454557644e+00	1.04537145278810e+01	1.33183462842378e+01
3.96342508592621e-01	2.28905017285345e-01	3.74752474122034e-01	7.51890851658192e+00	4.73897403243141e+00	6.13444615303697e+00
4.39982322916277e-01	2.89700202564375e-01	2.70317474519347e-01	2.95564037955671e+00	2.18086691195531e+00	4.02779918769117e+00
2.86659984052424e-01	2.69970121671598e-01	4.43369894275977e-01	1.07847480489894e+00	1.84387450747935e+00	1.40792510432803e+00
1.43368151185177e-01	1.46631838122175e-01	7.10000010692648e-01	9.59472785325525e-01	8.59812740236358e-01	0.00000000000000e+00
1.00000000000000e+00	0.00000000000000e+00	0.00000000000000e+00	0.00000000000000e+00	0.00000000000000e+00	0.00000000000000e+00
1.00000000000000e+00	0.00000000000000e+00	0.00000000000000e+00	0.00000000000000e+00	0.00000000000000e+00	0.00000000000000e+00
1.00000000000000e+00	0.00000000000000e+00	0.00000000000000e+00	0.00000000000000e+00	0.00000000000000e+00	0.00000000000000e+00
1.00000000000000e+00	0.00000000000000e+00	0.00000000000000e+00	0.00000000000000e+00	0.00000000000000e+00	0.00000000000000e+00
1.00000000000000e+00	0.00000000000000e+00	0.00000000000000e+00	0.00000000000000e+00	0.00000000000000e+00	0.00000000000000e+00
1.00000000000000e+00	0.00000000000000e+00	0.00000000000000e+00	0.00000000000000e+00	0.00000000000000e+00	0.00000000000000e+00
1.00000000000000e+00	0.00000000000000e+00	0.00000000000000e+00	0.00000000000000e+00	0.00000000000000e+00	0.00000000000000e+00
1.00000000000000e+00	0.00000000000000e+00	0.00000000000000e+00	0.00000000000000e+00	0.00000000000000e+00	0.00000000000000e+00
1.00000000000000e+00	0.00000000000000e+00	0.00000000000000e+00	0.00000000000000e+00	0.00000000000000e+00	0.00000000000000e+00
1.00000000000000e+00	0.00000000000000e+00	0.00000000000000e+00	0.00000000000000e+00	0.00000000000000e+00	0.00000000000000e+00
1.00000000000000e+00	0.00000000000000e+00	0.00000000000000e+00	0.00000000000000e+00	0.00000000000000e+00	0.00000000000000e+00
1.00000000000000e+00	0.00000000000000e+00	0.00000000000000e+00	0.00000000000000e+00	0.00000000000000e+00	0.00000000000000e+00
1.00000000000000e+00	0.00000000000000e+00	0.00000000000000e+00	0.00000000000000e+00	0.00000000000000e+00	0.00000000000000e+00
1.00000000000000e+00	0.00000000000000e+00	0.00000000000000e+00	0.00000000000000e+00	0.00000000000000e+00	0.00000000000000e+00
1.00000000000000e+00	0.00000000000000e+00	0.00000000000000e+00	0.00000000000000e+00	0.00000000000000e+00	0.00000000000000e+00
1.00000000000000e+00	0.00000000000000e+00	0.00000000000000e+00	0.00000000000000e+00	0.00000000000000e+00	0.00000000000000e+00
1.00000000000000e+00	0.00000000000000e+00	0.00000000000000e+00	0.00000000000000e+00	0.00000000000000e+00	0.00000000000000e+00
1.00000000000000e+00	0.00000000000000e+00	0.00000000000000e+00	0.00000000000000e+00	0.00000000000000e+00	0.00000000000000e+00
1.00000000000000e+00	0.00000000000000e+00	0.00000000000000e+00	0.00000000000000e+00	0.00000000000000e+00	0.00000000000000e+00
1.00000000000000e+00	0.00000000000000e+00	0.00000000000000e+00	0.00000000000000e+00	0.00000000000000e+00	0.00000000000000e+00
 86.2
8.78481576021246e-02	6.43609151863380e-01	2.68542690534496e-01	0.00000000000000e+00	2.86581788513099e+01	3.29222456019931e+00
3.47461036633335e-01	9.10975536937293e-02	5.61441409672935e-01	5.87783779119819e+01	5.10468904912449e+01	6.40881776574810e+01
2.63342023892473e-01	3.10900532928891e-01	4.25757443178636e-01	3.47973980367685e+01	5.50072741345462e+01	4.38399172832710e+01
4.41824962530740e-01	2.97490920493334e-01	2.60684116975926e-01	2.44717359789248e+01	1.97592429583675e+01	3.05165194670927e+01
3.12855181920059e-01	5.34987804402485e-01	1.52157013677456e-01	1.64466436828537e+01	1.52009129539610e+01	1.81068172079316e+01
2.09402071498113e-01	3.87237973297927e-01	4.03359955203960e-01	5.18959819874465e+01	2.95750508350585e+01	1.77577545043099e+01
2.65763152121304e-01	4.18845891910323e-01	3.15390955968373e-01	7.74845707770128e+01	1.63580547572633e+02	3.52967444612125e+02
4.65183343780719e-01	1.99001672788467e-01	3.35814983430815e-01	3.44589773055918e+02	2.56623718724720e+02	4.60147469100913e+02
2.74847291904691e-01	2.92244456893256e-01	4.32908251202053e-01	2.05441410037629e+02	8.36419291710708e+01	1.30711975518706e+02
3.31479487402980e-01	1.75444619830051e-01	4.93075892766968e-01	5.34119950161597e+01	6.83127607523171e+01	4.24417200515163e+01
2.19233489121889e-01	3.99413905406874e-01	3.81352605471238e-01	1.43722976525814e+02	4.72731380324799e+01	8.06173649697332e+01
4.51003433795170e-01	2.16023513662127e-01	3.32973052542702e-01	5.32788086247738e+02	2.00895677054080e+02	3.43743771002243e+02
2.77394687308318e-01	4.98622187385226e-01	2.23983125306456e-01	2.07728066348634e+02	3.36206953270671e+02	5.25036664744454e+02
2.72118820685794e-01	4.36089582166452e-01	2.91791597147755e-01	1.57013169944509e+02	9.88536120831000e+01	6.26762250006676e+01
3.06116837294301e-01	4.35348159129238e-01	2.58535003576461e-01	2.31857983656072e+01	3.34735885303304e+01	4.89235973601504e+01
4.77687078116052e-01	3.49923005782081e-01	1.72389916101867e-01	1.42293122496288e+01	1.65641816572228e+01	1.98204874205908e+01
3.19177610429464e-01	2.01213370026986e-01	4.79609019543550e-01	1.18881491085610e+01	9.50780370535601e+00	1.42473943413020e+01
2.74473573075018e-01	2.89076298200367e-01	4.36450128724615e-01	8.04564306481300e+00	4.03955665500835e+00	5.68601385057113e+00
2.65507918703426e-01	2.92702536238170e-01	4.41789545058404e-01	3.35177904226862e+00	1.86693862162808e+00	2.49424891086201e+00
4.39175396598855e-01	2.60738875478676e-01	3.00085727922468e-01	1.25100508778437e+00	1.59762682729767e+00	9.85491963583031e-01
3.00011094775874e-02	4.85471054598238e-01	4.84527835924175e-01	0.00000000000000e+00	8.36268435194701e-01	6.55121226991533e-01
1.00000000000000e+00	0.00000000000000e+00	0.00000000000000e+00	0.00000000000000e+00	0.00000000000000e+00	0.00000000000000e+00
1.00000000000000e+00	0.00000000000000e+00	0.00000000000000e+00	0.00000000000000e+00	0.00000000000000e+00	0.00000000000000e+00
1.00000000000000e+00	0.00000000000000e+00	0.00000000000000e+00	0.00000000000000e+00	0.00000000000000e+00	0.00000000000000e+00
1.00000000000000e+00	0.00000000000000e+00	0.00000000000000e+00	0.00000000000000e+00	0.00000000000000e+00	0.00000000000000e+00
1.00000000000000e+00	0.00000000000000e+00	0.00000000000000e+00	0.00000000000000e+00	0.00000000000000e+00	0.00000000000000e+00
1.00000000000000e+00	0.00000000000000e+00	0.00000000000000e+00	0.00000000000000e+00	0.00000000000000e+00	0.00000000000000e+00
1.00000000000000e+00	0.00000000000000e+00	0.00000000000000e+00	0.00000000000000e+00	0.00000000000000e+00	0.00000000000000e+00
1.00000000000000e+00	0.00000000000000e+00	0.00000000000000e+00	0.00000000000000e+00	0.00000000000000e+00	0.00000000000000e+00
1.00000000000000e+00	0.00000000000000e+00	0.00000000000000e+00	0.00000000000000e+00	0.00000000000000e+00	0.00000000000000e+00
1.00000000000000e+00	0.00000000000000e+00	0.00000000000000e+00	0.00000000000000e+00	0.00000000000000e+00	0.00000000000000e+00
1.00000000000000e+00	0.00000000000000e+00	0.00000000000000e+00	0.00000000000000e+00	0.00000000000000e+00	0.00000000000000e+00
1.00000000000000e+00	0.00000000000000e+00	0.00000000000000e+00	0.00000000000000e+00	0.00000000000000e+00	0.00000000000000e+00
1.00000000000000e+00	0.00000000000000e+00	0.00000000000000e+00	0.00000000000000e+00	0.00000000000000e+00	0.00000000000000e+00
1.00000000000000e+00	0.00000000000000e+00	0.00000000000000e+00	0.00000000000000e+00	0.00000000000000e+00	0.00000000000000e+00
1.00000000000000e+00	0.00000000000000e+00	0.00000000000000e+00	0.00000000000000e+00	0.00000000000000e+00	0.00000000000000e+00
1.00000000000000e+00	0.00000000000000e+00	0.00000000000000e+00	0.00000000000000e+00	0.00000000000000e+00	0.00000000000000e+00
1.00000000000000e+00	0.00000000000000e+00	0.00000000000000e+00	0.00000000000000e+00	0.00000000000000e+00	0.00000000000000e+00
1.00000000000000e+00	0.00000000000000e+00	0.00000000000000e+00	0.00000000000000e+00	0.00000000000000e+00	0.00000000000000e+00
1.00000000000000e+00	0.00000000000000e+00	0.00000000000000e+00	0.00000000000000e+00	0.00000000000000e+00	0.00000000000000e+00
111.3
2.75250965796226e-01	6.27394523499918e-01	9.73545107038561e-02	2.56185137335197e+00	2.12340375448960e+01	0.00000000000000e+00
1.16069221635840e-01	6.02493397386185e-01	2.81437380977975e-01	3.89496744743577e+01	5.50368319093829e+01	4.69319723812122e+01
2.35263568426198e-01	3.53039947825819e-01	4.11696483747983e-01	3.70323668467180e+01	5.23984948686884e+01	4.42524243417668e+01
2.63009761316667e-01	4.39101161721010e-01	2.97889076962322e-01	3.31828225381394e+01	2.71783351634875e+01	2.23907163138771e+01
3.12795989242924e-01	1.45963782426526e-01	5.41240228330551e-01	1.91044839138353e+01	2.07340440965232e+01	1.79014308967399e+01
3.91449151510377e-01	2.06979467175349e-01	4.01571381314275e-01	3.08270373809585e+01	4.86436003174761e+01	2.04123607879259e+01
2.60893957053048e-01	4.23201394485797e-01	3.15904648461154e-01	6.70523643565366e+01	1.23464115890794e+02	2.29377704760109e+02
3.34874905375927e-01	4.74893930156471e-01	1.90231164467603e-01	2.84837800762635e+02	2.26812624054843e+02	1.78324739439942e+02
2.99185808644829e-01	4.30624839858854e-01	2.70189351496316e-01	6.92170173261959e+01	1.00922368439625e+02	1.48258741830201e+02
5.33301353606347e-01	3.35274086531371e-01	1.31424559862282e-01	4.61050972953463e+01	5.14849203673978e+01	5.96663892692438e+01
3.50549259704503e-01	2.44385491828125e-01	4.05065248467371e-01	5.82903314887711e+01	1.74113958797312e+02	9.91878047090320e+01
4.50168331618506e-01	3.40436673693741e-01	2.09394994687753e-01	5.19992764310271e+02	3.63985338642077e+02	2.34846233950657e+02
4.91157390227604e-01	2.42467874618571e-01	2.66374735153825e-01	3.53334061191279e+02	5.11549750179406e+02	2.33964918778232e+02
4.37682525147309e-01	2.73338455826606e-01	2.88979019026086e-01	1.20529535720882e+02	1.83122126678174e+02	7.96946398659327e+01
2.54336528862539e-01	4.31559186862114e-01	3.14104284275347e-01	6.36627858510659e+01	4.50074848504572e+01	3.22211387043062e+01
3.31203243429872e-01	5.49113805567556e-01	1.19682951002573e-01	2.57668268585326e+01	2.35866617436469e+01	2.85268846791612e+01
1.88562108023323e-01	3.34655016591588e-01	4.76782875385089e-01	1.84260644254542e+01	2.23771041826017e+01	2.60821655483745e+01
2.83477212952265e-01	2.81968108228523e-01	4.34554678819212e-01	7.74352298491567e+00	1.56932605146341e+01	1.10081583821121e+01
2.63737254316160e-01	2.96835102197022e-01	4.39427643486818e-01	6.37648964000817e+00	3.45527421182836e+00	4.67720292872973e+00
3.74500425241254e-01	4.06877916388118e-01	2.18621658370628e-01	2.02169274328020e+00	2.43726192959415e+00	2.98413586097763e+00
3.17154542504431e-01	2.26504594469150e-01	4.56340863026419e-01	1.94801986062664e+00	1.75568332900820e+00	1.87109325690451e+00
2.87674180129458e-01	4.46849400057055e-01	2.65476419813487e-01	8.90933016556833e-01	1.18597862408409e+00	1.54915298075943e+00
2.97607949099845e-01	3.52391742631688e-01	3.50000308268467e-01	7.59657792138513e-01	6.20381198320200e-01	0.00000000000000e+00
1.00000000000000e+00	0.00000000000000e+00	0.00000000000000e+00	0.00000000000000e+00	0.00000000000000e+00	0.00000000000000e+00
1.00000000000000e+00	0.00000000000000e+00	0.00000000000000e+00	0.00000000000000e+00	0.00000000000000e+00	0.00000000000000e+00
1.00000000000000e+00	0.00000000000000e+00	0.00000000000000e+00	0.00000000000000e+00	0.00000000000000e+00	0.00000000000000e+00
1.00000000000000e+00	0.00000000000000e+00	0.00000000000000e+00	0.00000000000000e+00	0.00000000000000e+00	0.00000000000000e+00
1.00000000000000e+00	0.00000000000000e+00	0.00000000000000e+00	0.00000000000000e+00	0.00000000000000e+00	0.00000000000000e+00
1.00000000000000e+00	0.00000000000000e+00	0.00000000000000e+00	0.00000000000000e+00	0.00000000000000e+00	0.00000000000000e+00
1.00000000000000e+00	0.00000000000000e+00	0.00000000000000e+00	0.00000000000000e+00	0.00000000000000e+00	0.00000000000000e+00
1.00000000000000e+00	0.00000000000000e+00	0.00000000000000e+00	0.00000000000000e+00	0.00000000000000e+00	0.00000000000000e+00
1.00000000000000e+00	0.00000000000000e+00	0.00000000000000e+00	0.00000000000000e+00	0.00000000000000e+00	0.00000000000000e+00
1.00000000000000e+00	0.00000000000000e+00	0.00000000000000e+00	0.00000000000000e+00	0.00000000000000e+00	0.00000000000000e+00
1.00000000000000e+00	0.00000000000000e+00	0.00000000000000e+00	0.00000000000000e+00	0.00000000000000e+00	0.00000000000000e+00
1.00000000000000e+00	0.00000000000000e+00	0.00000000000000e+00	0.00000000000000e+00	0.00000000000000e+00	0.00000000000000e+00
1.00000000000000e+00	0.00000000000000e+00	0.00000000000000e+00	0.00000000000000e+00	0.00000000000000e+00	0.00000000000000e+00
1.00000000000000e+00	0.00000000000000e+00	0.00000000000000e+00	0.00000000000000e+00	0.00000000000000e+00	0.00000000000000e+00
1.00000000000000e+00	0.00000000000000e+00	0.00000000000000e+00	0.00000000000000e+00	0.00000000000000e+00	0.00000000000000e+00
1.00000000000000e+00	0.00000000000000e+00	0.00000000000000e+00	0.00000000000000e+00	0.00000000000000e+00	0.00000000000000e+00
1.00000000000000e+00	0.00000000000000e+00	0.00000000000000e+00	0.00000000000000e+00	0.00000000000000e+00	0.00000000000000e+00
143.8
6.11909176992008e-01	1.07334572715444e-01	2.80756250292548e-01	1.57699768221713e+01	0.00000000000000e+00	1.98618459591017e+00
1.50207436540601e-01	3.52038669128507e-01	4.97753894330892e-01	2.98139851367161e+01	3.83692947295828e+01	4.75836083016891e+01
3.68219023435718e-01	4.39905304985392e-01	1.91875671578890e-01	4.37147468010409e+01	4.84360086200944e+01	3.91047037720850e+01
2.70860823881587e-01	4.37064366444661e-01	2.92074809673751e-01	3.60954246098836e+01	3.04601446630895e+01	2.57866037065387e+01
5.52296382567220e-01	3.01443094839862e-01	1.46260522592919e-01	2.11960993376378e+01	2.24752965271843e+01	2.41237211628176e+01
4.06493172384812e-01	2.01834037261804e-01	3.91672790353383e-01	2.33152921891948e+01	4.54652337289789e+01	3.19795619640688e+01
2.58279290387473e-01	3.14871290342912e-01	4.26849419269615e-01	5.82651855825259e+01	1.54132929535797e+02	9.46634821051247e+01
4.87924749612687e-01	1.82890852679548e-01	3.29184397707765e-01	1.55122584216683e+02	1.28910819577349e+02	1.84228742493632e+02
2.59941247909088e-01	3.15966922367416e-01	4.24091829723496e-01	1.11717419930291e+02	6.15050548563020e+01	8.24860925693089e+01
1.01458961145345e-01	3.81388715379369e-01	5.17152323475287e-01	6.11094938701394e+01	5.48152524691979e+01	5.04964866831060e+01
4.16499399523314e-01	3.23791555492995e-01	2.59709044983691e-01	1.17356158937616e+02	7.19293641172133e+01	1.95200019387337e+02
2.04948651520992e-01	3.47195552731086e-01	4.47855795747922e-01	2.52026626449697e+02	3.58897344156405e+02	4.78280079631249e+02
2.54689571077952e-01	2.60754950364785e-01	4.84555478557263e-01	2.47315114608478e+02	4.71353311262293e+02	3.48920249796736e+02
4.38219619580899e-01	2.88011742663400e-01	2.73768637755701e-01	1.38432361986135e+02	9.59056815503182e+01	2.00582005090612e+02
2.45827659232454e-01	3.28626300975796e-01	4.25546039791750e-01	7.88941005376078e+01	4.42000210554801e+01	5.86428739735053e+01
1.00255982828459e-01	3.44394350051089e-01	5.55349667120452e-01	4.19528445098639e+01	3.88756547347789e+01	3.68782439266242e+01
4.61659060041531e-01	1.82906000627989e-01	3.55434939330481e-01	4.28730765700894e+01	3.21002180535608e+01	3.78025073026526e+01
2.88685343262648e-01	2.78204385897619e-01	4.33110270839733e-01	2.78166309407171e+01	1.43376409647146e+01	1.99715032011540e+01
4.35071458995074e-01	3.08625075964774e-01	2.56303465040152e-01	8.94671644122953e+00	6.75954877862490e+00	1.19560866742471e+01
1.35562221535518e-01	5.83876176210251e-01	2.80561602254231e-01	6.07035229653786e+00	5.01233779355064e+00	5.47546389301994e+00
2.97288761605552e-01	4.50700633393426e-01	2.52010605001022e-01	6.31775349100017e+00	5.86324260477788e+00	5.25698401042052e+00
2.61464122263060e-01	4.42786793222778e-01	2.95749084514162e-01	2.97050666805202e+00	4.04424860885203e+00	5.33465331120349e+00
4.36909069724715e-01	2.60793952346089e-01	3.02296977929196e-01	1.85244967565771e+00	2.48829285391526e+00	1.39056097498987e+00
2.79009412965532e-01	2.64954849804189e-01	4.56035737230279e-01	7.52443861544652e-01	1.19673213490506e+00	9.46225356262776e-01
2.80204450970619e-01	4.30000156352147e-01	2.89795392677234e-01	6.60540358962372e-01	0.00000000000000e+00	5.54424616200374e-01
1.00000000000000e+00	0.00000000000000e+00	0.00000000000000e+00	0.00000000000000e+00	0.00000000000000e+00	0.00000000000000e+00
1.00000000000000e+00	0.00000000000000e+00	0.00000000000000e+00	0.00000000000000e+00	0.00000000000000e+00	0.00000000000000e+00
1.00000000000000e+00	0.00000000000000e+00	0.00000000000000e+00	0.00000000000000e+00	0.00000000000000e+00	0.00000000000000e+00
1.00000000000000e+00	0.00000000000000e+00	0.00000000000000e+00	0.00000000000000e+00	0.00000000000000e+00	0.00000000000000e+00
1.00000000000000e+00	0.00000000000000e+00	0.00000000000000e+00	0.00000000000000e+00	0.00000000000000e+00	0.00000000000000e+00
1.00000000000000e+00	0.00000000000000e+00	0.00000000000000e+00	0.00000000000000e+00	0.00000000000000e+00	0.00000000000000e+00
1.00000000000000e+00	0.00000000000000e+00	0.00000000000000e+00	0.00000000000000e+00	0.00000000000000e+00	0.00000000000000e+00
1.00000000000000e+00	0.00000000000000e+00	0.00000000000000e+00	0.00000000000000e+00	0.00000000000000e+00	0.00000000000000e+00
1.00000000000000e+00	0.00000000000000e+00	0.00000000000000e+00	0.00000000000000e+00	0.00000000000000e+00	0.00000000000000e+00
1.00000000000000e+00	0.00000000000000e+00	0.00000000000000e+00	0.00000000000000e+00	0.00000000000000e+00	0.00000000000000e+00
1.00000000000000e+00	0.00000000000000e+00	0.00000000000000e+00	0.00000000000000e+00	0.00000000000000e+00	0.00000000000000e+00
1.00000000000000e+00	0.00000000000000e+00	0.00000000000000e+00	0.00000000000000e+00	0.00000000000000e+00	0.00000000000000e+00
1.00000000000000e+00	0.00000000000000e+00	0.00000000000000e+00	0.00000000000000e+00	0.00000000000000e+00	0.00000000000000e+00
1.00000000000000e+00	0.00000000000000e+00	0.00000000000000e+00	0.00000000000000e+00	0.00000000000000e+00	0.00000000000000e+00
1.00000000000000e+00	0.00000000000000e+00	0.00000000000000e+00	0.00000000000000e+00	0.00000000000000e+00	0.00000000000000e+00
185.7
5.83677011833817e-01	2.89341287633386e-01	1.26981700532797e-01	1.16151872014555e+01	1.64658839480962e+00	0.00000000000000e+00
3.90619171574720e-01	4.36169109327817e-01	1.73211719097462e-01	3.02466481326179e+01	3.95129474694102e+01	2.21913491338102e+01
4.13439712515448e-01	4.14236875681832e-01	1.72323411802720e-01	4.31296933849838e+01	4.19015367737744e+01	3.95901534759687e+01
4.33488141057090e-01	2.91912162156231e-01	2.74599696786679e-01	3.31380639912496e+01	3.75819497018070e+01	2.91872630644426e+01
5.43964069239398e-01	3.01256825187503e-01	1.54779105573099e-01	2.45816232493939e+01	2.59976485388475e+01	2.76640125866105e+01
4.16518621957071e-01	3.87737293440137e-01	1.95744084602792e-01	2.60086235385849e+01	3.24643289958874e+01	4.16128859401724e+01
2.77791112334878e-01	4.44733109991734e-01	2.77475777673388e-01	5.01043001444747e+01	7.32623846173323e+01	1.08577839434603e+02
3.18179610950813e-01	4.64847461327761e-01	2.16972927721427e-01	1.24707448385654e+02	1.08771488980332e+02	9.42028995273525e+01
4.10122580254554e-01	3.45447992975729e-01	2.44429426769717e-01	6.94782721204287e+01	5.73174670540756e+01	8.50117555362767e+01
5.85339705136792e-01	2.81440411968003e-01	1.33219882895205e-01	5.39263785435018e+01	6.14528855219523e+01	7.12568041572121e+01
2.71364472892891e-01	3.05068073960365e-01	4.23567453146744e-01	1.96216537633210e+02	8.36270245921498e+01	1.27487464345760e+02
3.30066285068348e-01	4.47795737412046e-01	2.22137977519607e-01	3.30249848272233e+02	4.28584192689937e+02	2.43438199620195e+02
5.03120536049930e-01	2.44288329192466e-01	2.52591134757604e-01	3.19673447595256e+02	4.07655613166035e+02	2.42458405081291e+02
2.75976167206966e-01	4.38019374867119e-01	2.86004457925915e-01	2.03916909578128e+02	1.48816218533110e+02	1.08825986268713e+02
3.46402648272073e-01	2.34328862459031e-01	4.19268489268895e-01	5.81753451236342e+01	9.25763811547720e+01	7.28539139096637e+01
7.65692361689148e-02	3.45590360350831e-01	5.77840403480254e-01	5.98045419172454e+01	5.44982490898308e+01	5.21495938578421e+01
2.16540605084067e-01	4.14024761234142e-01	3.69434633681791e-01	4.75998612920101e+01	6.27823807616743e+01	5.59834770035841e+01
2.95625558594105e-01	2.72756573507570e-01	4.31617867898325e-01	4.20013146197947e+01	2.39269255998791e+01	3.17402494643392e+01
3.38710933233978e-01	4.23022557307513e-01	2.38266509458509e-01	1.31203824163359e+01	1.63324102894129e+01	2.05970950539852e+01
1.20870753206855e-01	3.62903981390485e-01	5.16225265402660e-01	1.31452231034330e+01	1.22761883944983e+01	1.16740689387177e+01
3.43583814128129e-01	2.36805395059666e-01	4.19610790812205e-01	1.83472994710995e+01	1.39269166787298e+01	1.65350740595985e+01
2.95628607153547e-01	4.52319912815003e-01	2.52051480031450e-01	1.54411483462793e+01	1.21623485341254e+01	9.25671211677896e+00
4.39160237404417e-01	2.73241358286198e-01	2.87598404309385e-01	5.80221581832334e+00	7.82706190724419e+00	4.31552023710181e+00
4.41812565503591e-01	2.95396418557330e-01	2.62791015939079e-01	2.83476156859009e+00	2.20309365944735e+00	3.67055185285979e+00
4.56913343204477e-01	2.93365325174004e-01	2.49721331621519e-01	1.60097546785004e+00	1.33128185089700e+00	1.93820359079324e+00
2.72192306977761e-01	2.83045961201969e-01	4.44761731820270e-01	7.61594917148167e-01	1.17900864040700e+00	9.46097034799475e-01
3.88814878432383e-01	2.10001000584258e-01	4.01184120983359e-01	6.51137607860182e-01	0.00000000000000e+00	5.05025956084954e-01
1.00000000000000e+00	0.00000000000000e+00	0.00000000000000e+00	0.00000000000000e+00	0.00000000000000e+00	0.00000000000000e+00
1.00000000000000e+00	0.00000000000000e+00	0.00000000000000e+00	0.00000000000000e+00	0.00000000000000e+00	0.00000000000000e+00
1.00000000000000e+00	0.00000000000000e+00	0.00000000000000e+00	0.00000000000000e+00	0.00000000000000e+00	0.00000000000000e+00
1.00000000000000e+00	0.00000000000000e+00	0.00000000000000e+00	0.00000000000000e+00	0.00000000000000e+00	0.00000000000000e+00
1.00000000000000e+00	0.00000000000000e+00	0.00000000000000e+00	0.00000000000000e+00	0.00000000000000e+00	0.00000000000000e+00
1.00000000000000e+00	0.00000000000000e+00	0.00000000000000e+00	0.00000000000000e+00	0.00000000000000e+00	0.00000000000000e+00
1.00000000000000e+00	0.00000000000000e+00	0.00000000000000e+00	0.00000000000000e+00	0.00000000000000e+00	0.00000000000000e+00
1.00000000000000e+00	0.00000000000000e+00	0.00000000000000e+00	0.00000000000000e+00	0.00000000000000e+00	0.00000000000000e+00
1.00000000000000e+00	0.00000000000000e+00	0.00000000000000e+00	0.00000000000000e+00	0.00000000000000e+00	0.00000000000000e+00
1.00000000000000e+00	0.00000000000000e+00	0.00000000000000e+00	0.00000000000000e+00	0.00000000000000e+00	0.00000000000000e+00
1.00000000000000e+00	0.00000000000000e+00	0.00000000000000e+00	0.00000000000000e+00	0.00000000000000e+00	0.00000000000000e+00
1.00000000000000e+00	0.00000000000000e+00	0.00000000000000e+00	0.00000000000000e+00	0.00000000000000e+00	0.00000000000000e+00
1.00000000000000e+00	0.00000000000000e+00	0.00000000000000e+00	0.00000000000000e+00	0.00000000000000e+00	0.00000000000000e+00
239.8
5.69883224083165e-01	2.93131608653088e-01	1.36985167263747e-01	8.54457980164722e+00	1.25338762027626e+00	0.00000000000000e+00
4.01213884745915e-01	1.88797471956154e-01	4.09988643297931e-01	3.23400773443265e+01	1.66170303132844e+01	2.36932421302147e+01
4.33303567010260e-01	1.48675449884726e-01	4.18020983105014e-01	3.79334980004728e+01	3.56116381009079e+01	3.89695838220855e+01
4.22180984330507e-01	3.30774744475035e-01	2.47044271194458e-01	3.45277104463307e+01	3.74163709571420e+01	3.17431632859842e+01
1.71121903211407e-01	3.27949322580083e-01	5.00928774208510e-01	3.05141286103605e+01	2.88978391344945e+01	2.74726431693146e+01
4.34203447561181e-01	3.78897065348966e-01	1.86899487089853e-01	2.82427597324200e+01	3.27223359083057e+01	3.86266329398668e+01
2.85379801366464e-01	2.66031811452295e-01	4.48588387181242e-01	4.39971547625762e+01	7.75504573845144e+01	5.80726245284048e+01
2.84340886020073e-01	4.92261075975279e-01	2.23398038004647e-01	8.68305711401825e+01	7.94099155383901e+01	7.26367518307873e+01
4.10024742020870e-01	2.15205745991354e-01	3.74769511987776e-01	5.49407445225232e+01	6.83411561606159e+01	6.10626661956980e+01
3.54954187586089e-01	4.72093393860217e-01	1.72952418553694e-01	6.48908694985225e+01	5.52415793354615e+01	7.78059372527640e+01
4.27663673552695e-01	2.92287291120872e-01	2.80049035326433e-01	1.30854696745741e+02	9.09513151007293e+01	1.88929927116948e+02
3.32008085161272e-01	4.45086450609826e-01	2.22905464228902e-01	2.88956011276994e+02	3.57616163566874e+02	2.25835673762620e+02
2.52925289099368e-01	5.03779659817239e-01	2.43295051083393e-01	3.43750132599707e+02	2.84980129141358e+02	2.29115345037844e+02
4.37264395712345e-01	2.76568563925139e-01	2.86167040362516e-01	1.52489012808120e+02	1.98980999419731e+02	1.17102629297491e+02
3.69268979613993e-01	4.10031922081847e-01	2.20699098304160e-01	7.19128859973937e+01	8.53610068637398e+01	1.02761884845876e+02
9.93428184841064e-02	4.48162175838425e-01	4.52495005677468e-01	7.58753790354541e+01	6.96356769535209e+01	6.73453826264258e+01
3.67681495137227e-01	2.19297142758141e-01	4.13021362104633e-01	7.22067641514441e+01	6.32947321736508e+01	7.93035359576697e+01
2.97001560673850e-01	2.73200804373179e-01	4.29797634952971e-01	5.72134130429802e+01	3.61251148349195e+01	4.55232706674380e+01
3.90713527039257e-01	4.05105521913781e-01	2.04180951046962e-01	2.76014782411205e+01	2.39131421614153e+01	3.22967551645694e+01
1.80729004189877e-01	3.34800840890064e-01	4.84470154920058e-01	2.91136700135607e+01	2.60008958429335e+01	2.34150512571262e+01
3.90850079671269e-01	3.82454513036453e-01	2.26695407292278e-01	4.05044681087135e+01	3.66472658756991e+01	3.12600624121785e+01
2.41430502334049e-01	4.49895320766277e-01	3.08674176899673e-01	2.29860359242820e+01	2.89346782998216e+01	3.52941142859581e+01
4.39258760167212e-01	2.77551655042934e-01	2.83189584789854e-01	1.50338986627520e+01	1.98262526767535e+01	1.14170739397039e+01
2.57811976393781e-01	3.03787665533130e-01	4.38400358073089e-01	9.82469382276004e+00	6.13523327770195e+00	7.73373813527870e+00
2.91004844621857e-01	4.70001541958347e-01	2.38993613419796e-01	4.02026056059079e+00	4.67734847409482e+00	5.48417789514058e+00
4.47715083758878e-01	2.65050471310961e-01	2.87234444930161e-01	2.90707245783408e+00	2.35328192022496e+00	3.59807294181652e+00
2.87656752158234e-01	4.40884362004229e-01	2.71458885837537e-01	1.33642268483841e+00	1.66227068659801e+00	2.07334969766320e+00
4.37652764624890e-01	2.51203096974673e-01	3.11144138400437e-01	9.96927981578295e-01	1.19088246879959e+00	8.40701208761940e-01
2.48606727354589e-01	4.96027826723222e-01	2.55365445922189e-01	7.74694333188069e-01	6.92097114960877e-01	6.20077410776211e-01
2.59778359745445e-01	2.88479714730481e-01	4.51741925524074e-01	5.76478425394396e-01	4.30789168981983e-01	4.97300374398724e-01
1.29393735564072e-01	7.30000000015242e-01	1.40606264420687e-01	4.06239267705284e-01	0.00000000000000e+00	3.86925718049507e-01
1.00000000000000e+00	0.00000000000000e+00	0.00000000000000e+00	0.00000000000000e+00	0.00000000000000e+00	0.00000000000000e+00
1.00000000000000e+00	0.00000000000000e+00	0.00000000000000e+00	0.00000000000000e+00	0.00000000000000e+00	0.00000000000000e+00
1.00000000000000e+00	0.00000000000000e+00	0.00000000000000e+00	0.00000000000000e+00	0.00000000000000e+00	0.00000000000000e+00
1.00000000000000e+00	0.00000000000000e+00	0.00000000000000e+00	0.00000000000000e+00	0.00000000000000e+00	0.00000000000000e+00
1.00000000000000e+00	0.00000000000000e+00	0.00000000000000e+00	0.00000000000000e+00	0.00000000000000e+00	0.00000000000000e+00
1.00000000000000e+00	0.00000000000000e+00	0.00000000000000e+00	0.00000000000000e+00	0.00000000000000e+00	0.00000000000000e+00
1.00000000000000e+00	0.00000000000000e+00	0.00000000000000e+00	0.00000000000000e+00	0.00000000000000e+00	0.00000000000000e+00
1.00000000000000e+00	0.00000000000000e+00	0.00000000000000e+00	0.00000000000000e+00	0.00000000000000e+00	0.00000000000000e+00
1.00000000000000e+00	0.00000000000000e+00	0.00000000000000e+00	0.00000000000000e+00	0.00000000000000e+00	0.00000000000000e+00
309.7
5.56884422915134e-01	2.96132822761264e-01	1.46982754323602e-01	6.27167748919222e+00	9.52690260160949e-01	0.00000000000000e+00
4.19659293199132e-01	3.81044305717990e-01	1.99296401082878e-01	1.82503939912074e+01	2.58292279700605e+01	1.23425585186957e+01
1.61767336963741e-01	3.64603180539507e-01	4.73629482496753e-01	2.91189207527202e+01	3.21652654183463e+01	3.50583150275170e+01
4.01822520562965e-01	3.65601239326224e-01	2.32576240110811e-01	3.45695066282729e+01	3.55649503424227e+01	3.30855112227639e+01
3.96228602360538e-01	2.48978159656561e-01	3.54793237982902e-01	3.06364759587475e+01	3.21485216596984e+01	2.96318279151511e+01
1.73442895507396e-01	4.65490677216381e-01	3.61066427276223e-01	3.60303267332710e+01	2.99757965244443e+01	3.26738822413785e+01
2.96577086813659e-01	4.48391815351315e-01	2.55031097835026e-01	3.91458153498235e+01	4.72703644418032e+01	5.76921583206799e+01
4.94905181665969e-01	2.16162709460577e-01	2.88932108873454e-01	6.02887223468166e+01	6.32555556463998e+01	5.78367932343018e+01
4.03967699047588e-01	3.82445328974238e-01	2.13586971978174e-01	5.32105655866738e+01	5.18522113258624e+01	5.59880319204468e+01
3.97151979676541e-01	2.01370830462537e-01	4.01477189860922e-01	6.50781699178401e+01	7.88364647197363e+01	5.47587876410379e+01
4.29938053424463e-01	2.83582264498422e-01	2.86479682077116e-01	1.23980949926489e+02	9.10905965214590e+01	1.68728670577332e+02
2.21509920021179e-01	4.44148020920950e-01	3.34342059057872e-01	1.95381969094354e+02	2.84502469734281e+02	2.38637968303087e+02
5.01667351215711e-01	2.35310243801491e-01	2.63022404982797e-01	2.40641380598791e+02	2.03643456818055e+02	2.76857297205712e+02
4.35996646854405e-01	2.76796923736315e-01	2.87206429409280e-01	1.46985623101237e+02	1.82328365300233e+02	1.18680424598474e+02
4.00786939034609e-01	3.91251105654967e-01	2.07961955310424e-01	9.34367269492127e+01	8.24183441828268e+01	1.07236491224394e+02
1.07551880473500e-01	4.48029756421319e-01	4.44418363105180e-01	8.70927745661997e+01	8.15737848036440e+01	7.92985354030885e+01
2.22267542819348e-01	4.17871348516800e-01	3.59861108663851e-01	7.54362613810397e+01	8.99733473906463e+01	8.35621928812777e+01
4.27913410375912e-01	2.92225661793373e-01	2.79860927830716e-01	5.88880268557634e+01	6.98649733717952e+01	4.95938486789309e+01
3.11461297789488e-01	5.34406136217190e-01	1.54132565993322e-01	4.25615308325116e+01	3.95421911536790e+01	4.61579336673991e+01
2.28862797630456e-01	3.96138449804181e-01	3.74998752565363e-01	5.29634499054164e+01	4.62216405931404e+01	4.06912470387718e+01
3.63026569149311e-01	2.19703138684252e-01	4.17270292166436e-01	6.50977245337554e+01	5.69557916339128e+01	7.10477844678204e+01
3.17387824553560e-01	2.35033518510968e-01	4.47578656935471e-01	6.38085527883259e+01	4.50326540068841e+01	5.43242008223715e+01
2.79443931937532e-01	2.81285155746434e-01	4.39270912316034e-01	3.97638213650245e+01	2.46210668564883e+01	3.12788305936461e+01
3.11314101416892e-01	4.37033293066676e-01	2.51652605516432e-01	1.45953586832443e+01	1.77068251603817e+01	2.16591571206956e+01
2.36939689501903e-01	2.82098067714567e-01	4.80962242783530e-01	1.33268085389140e+01	1.04453173161617e+01	1.17633894410224e+01
4.49364473931605e-01	2.89242346571044e-01	2.61393179497352e-01	7.87336876444972e+00	9.50441149493995e+00	6.52904721864395e+00
4.37940974542129e-01	2.68719847694316e-01	2.93339177763555e-01	4.77515970698524e+00	5.83021254483222e+00	3.92421873340525e+00
2.26121612839148e-01	4.26625047920477e-01	3.47253339240375e-01	3.56673323115169e+00	3.12021519319542e+00	2.75776333146197e+00
1.60364301517318e-01	5.76886131855210e-01	2.62749566627472e-01	2.31461773435348e+00	2.47426185465852e+00	2.61747564962342e+00
2.79842488945210e-01	2.59034446610793e-01	4.61123064443996e-01	2.18637802804510e+00	1.57886212428676e+00	1.86121408787431e+00
2.93634336493959e-01	2.67442662717030e-01	4.38923000789011e-01	1.01066832303541e+00	1.42936100146821e+00	1.19980464328706e+00
2.60380133002560e-01	4.41903954281365e-01	2.97715912716075e-01	9.23738960640115e-01	8.04360198776992e-01	7.01721831287286e-01
2.89276798553674e-01	2.53851669603683e-01	4.56871531842643e-01	5.28997939422369e-01	6.54092496644310e-01	5.85805145750582e-01
3.18577102024969e-01	4.33864894830856e-01	2.47558003144175e-01	4.98283405794709e-01	4.48847200614154e-01	4.02246219355282e-01
3.81687506759905e-01	2.50000147903122e-01	3.68312345336973e-01	3.68890604225195e-01	0.00000000000000e+00	3.16924584126774e-01
1.00000000000000e+00	0.00000000000000e+00	0.00000000000000e+00	0.00000000000000e+00	0.00000000000000e+00	0.00000000000000e+00
1.00000000000000e+00	0.00000000000000e+00	0.00000000000000e+00	0.00000000000000e+00	0.00000000000000e+00	0.00000000000000e+00
1.00000000000000e+00	0.00000000000000e+00	0.00000000000000e+00	0.00000000000000e+00	0.00000000000000e+00	0.00000000000000e+00
1.00000000000000e+00	0.00000000000000e+00	0.00000000000000e+00	0.00000000000000e+00	0.00000000000000e+00	0.00000000000000e+00
1.00000000000000e+00	0.00000000000000e+00	0.00000000000000e+00	0.00000000000000e+00	0.00000000000000e+00	0.00000000000000e+00
400.0
5.44760020964360e-01	2.98260310797557e-01	1.56979668238082e-01	4.59560334652207e+00	7.23426351363830e-01	0.00000000000000e+00
3.68672887363479e-01	4.24732389262523e-01	2.06594723373998e-01	2.02408691002585e+01	1.38794892482257e+01	9.11356709417565e+00
4.11649990698187e-01	1.96963568280894e-01	3.91386441020919e-01	2.70187832941657e+01	2.33951286512233e+01	3.07014456521795e+01
3.92478989193846e-01	2.25190522736374e-01	3.82330488069780e-01	3.29310351469898e+01	3.20624341026588e+01	3.29312065014201e+01
3.33471786749338e-01	3.90908200586363e-01	2.75620012664299e-01	3.11188437432559e+01	3.17444391061709e+01	3.24906813505737e+01
2.06307104675040e-01	3.86828551144675e-01	4.06864344180285e-01	3.40579281801940e+01	3.10615177165813e+01	3.21518110319085e+01
4.45371538793750e-01	3.13588096452039e-01	2.41040364754211e-01	4.02484476505906e+01	3.58658465738705e+01	4.55611820837498e+01
3.54031413299918e-01	3.30083901731212e-01	3.15884684968870e-01	4.78541539583498e+01	4.84948074796809e+01	4.70199138511763e+01
4.29680937838686e-01	4.23236887912906e-01	1.47082174248409e-01	4.70757706640151e+01	4.77730767107304e+01	4.96022745878892e+01
2.20071164874822e-01	3.62901824787928e-01	4.17027010337251e-01	7.44259620505602e+01	5.23631495310076e+01	6.19537887196199e+01
2.77499560994942e-01	4.32286563386080e-01	2.90213875618978e-01	8.45373066867169e+01	1.09293120425182e+02	1.41057289667447e+02
4.41639075914794e-01	3.37516715004582e-01	2.20844209080624e-01	2.16202202524479e+02	1.87024056895915e+02	1.58998533605870e+02
2.72493043715286e-01	5.00784170038372e-01	2.26722786246342e-01	2.13254993609973e+02	1.93027227306467e+02	1.70982004579601e+02
2.77287540674380e-01	4.34707966265887e-01	2.88004493059733e-01	1.57374180002395e+02	1.33301679830564e+02	1.13063476274865e+02
4.10654430484922e-01	1.97967807177393e-01	3.91377762337685e-01	8.70241116298140e+01	1.04847686322990e+02	9.50506130920173e+01
4.55025891962980e-01	4.33049897668954e-01	1.11924210368066e-01	8.70237713248491e+01	8.50758982514073e+01	9.12351469309287e+01
4.14513533191814e-01	2.26049205946795e-01	3.59437260861391e-01	9.33666094138866e+01	8.22161599198989e+01	8.85121900960199e+01
2.80883638873258e-01	4.23182600329130e-01	2.95933760797613e-01	7.80652678747563e+01	6.97721741719741e+01	6.24273921656315e+01
4.04629644395858e-01	1.60922914166794e-01	4.34447441437348e-01	5.67560534126176e+01	5.98269719031385e+01	5.79551983041625e+01
3.25323322146833e-01	4.17901451898921e-01	2.56775225954246e-01	6.12755351895645e+01	6.97472314324658e+01	7.97789925032659e+01
4.36282031884531e-01	3.49398693992927e-01	2.14319274122542e-01	1.02060439794993e+02	9.48795704592584e+01	8.51914314900000e+01
2.29477771032111e-01	3.27433984904020e-01	4.43088244063869e-01	7.14777001625188e+01	9.41190836595497e+01	8.29064374227551e+01
4.38326135290498e-01	2.81028186931588e-01	2.80645677777915e-01	5.30021301888926e+01	4.34757205172093e+01	6.46383269889872e+01
3.16680605686346e-01	2.46991318385068e-01	4.36328075928587e-01	2.85678839372650e+01	3.91507861322183e+01	3.33100251173985e+01
2.38681080918308e-01	4.88086762333331e-01	2.73232156748361e-01	2.65898842887848e+01	2.41181446462622e+01	2.19536768842047e+01
2.62154404620351e-01	4.49783376731495e-01	2.88062218648154e-01	1.49272209740340e+01	1.74111137174917e+01	2.03339161533879e+01
4.34672750038842e-01	2.60111504559145e-01	3.05215745402013e-01	1.16455127012298e+01	1.36316548604489e+01	9.99487151171815e+00
1.89099538525957e-01	4.14755014040384e-01	3.96145447433658e-01	9.36689071697058e+00	8.10647866148856e+00	8.67336135055539e+00
4.81191075147501e-01	7.44011844975678e-02	4.44407740354932e-01	7.81260779194292e+00	7.53380870602821e+00	7.96349443103723e+00
2.46660834186954e-01	2.88835049712565e-01	4.64504116100480e-01	5.43929477050458e+00	7.26536142100118e+00	6.30809867721437e+00
2.81382816683091e-01	2.78660055772345e-01	4.39957127544564e-01	4.93704265477105e+00	3.41300673901367e+00	4.10501776968231e+00
4.43624537205980e-01	2.86568403628282e-01	2.69807059165738e-01	2.59077356378640e+00	2.18584122624084e+00	3.07640587622032e+00
4.48128910548997e-01	2.77543386024447e-01	2.74327703426557e-01	1.71605054028020e+00	1.48103026220541e+00	1.99202602558166e+00
2.65298159769209e-01	4.42823681647028e-01	2.91878158583763e-01	1.01801816091561e+00	1.17943777013102e+00	1.36267010380626e+00
4.43303752348137e-01	2.80302959996096e-01	2.76393287655767e-01	7.93429650501447e-01	9.31239643934585e-01	6.75712442742012e-01
2.75859158585610e-01	2.80268525394946e-01	4.43872316019444e-01	6.15655246426354e-01	4.47941004297645e-01	5.24928136757266e-01
2.84332331587742e-01	2.72364272443170e-01	4.43303395969088e-01	3.03408280319344e-01	4.09420908124508e-01	3.52225081410038e-01
3.56753088076326e-01	3.73246762136579e-01	2.70000149787095e-01	2.75136496573386e-01	2.37228210766230e-01	0.00000000000000e+00
1.00000000000000e+00	0.00000000000000e+00	0.00000000000000e+00	0.00000000000000e+00	0.00000000000000e+00	0.00000000000000e+00
1.00000000000000e+00	0.00000000000000e+00	0.00000000000000e+00	0.00000000000000e+00	0.00000000000000e+00	0.00000000000000e+00
