Exponential-sum fit to transmissions (IR) - N2-CH4
   25.00	   75.00	  125.00	  175.00	  225.00	  275.00	  325.00	  375.00	  425.00	  475.00	  525.00	  575.00	  625.00	  675.00	  725.00	  775.00	  825.00	  875.00	  925.00	  975.00	 1025.00	 1075.00	 1125.00	 1175.00	 1225.00	 1275.00	 1325.00	 1375.00	 1425.00	 1475.00	 1525.00	 1575.00	 1625.00	 1675.00	 1725.00	 1775.00	 1825.00	 1875.00	 1925.00	 1975.00
 40.0
6.87099880734603e-01	2.63375989464125e-01	4.95241298012724e-02	1.60114450120704e+03	1.48261001065178e+02	2.59146269861402e+00
3.90827779593408e-01	3.13270302619495e-01	2.95901917787098e-01	9.51211963544122e+02	1.87742116330423e+03	1.26663595496002e+03
2.59248664176532e-01	3.98787283541618e-01	3.41964052281851e-01	7.14071034486664e+02	8.72172702327679e+02	9.87716726098869e+02
4.18999001273685e-01	2.98812412629826e-01	2.82188586096489e-01	5.90869668520729e+02	4.66298496952076e+02	9.11631929627264e+02
1.55413782436831e-01	1.44213147506827e-01	7.00373070056343e-01	1.93439258203123e+02	3.59889283816464e+02	2.76509153952199e+02
3.51932521683937e-01	1.74417810462806e-01	4.73649667853257e-01	1.23932593108056e+02	8.59416553846452e+01	1.55570890596665e+02
1.86723273541532e-01	4.72108036050774e-01	3.41168690407694e-01	7.28562208911014e+01	4.72666760798722e+01	5.90888169909193e+01
2.86131379901237e-01	4.06705612025079e-01	3.07163008073684e-01	4.27923766590698e+01	2.21923699387842e+01	3.10141971746418e+01
3.01698019348399e-01	2.11266502570588e-01	4.87035478081014e-01	1.52828969386710e+01	1.05888931637282e+01	2.19159584226778e+01
2.71850152777163e-01	1.36477051273196e-01	5.91672795949641e-01	7.04257195398178e+00	5.22514885969237e+00	8.86421775491238e+00
2.71232623425911e-01	5.38763927513228e-01	1.90003449060861e-01	4.05009014113706e+00	2.67182265450625e+00	0.00000000000000e+00
1.00000000000000e+00	0.00000000000000e+00	0.00000000000000e+00	0.00000000000000e+00	0.00000000000000e+00	0.00000000000000e+00
1.00000000000000e+00	0.00000000000000e+00	0.00000000000000e+00	0.00000000000000e+00	0.00000000000000e+00	0.00000000000000e+00
1.00000000000000e+00	0.00000000000000e+00	0.00000000000000e+00	0.00000000000000e+00	0.00000000000000e+00	0.00000000000000e+00
1.00000000000000e+00	0.00000000000000e+00	0.00000000000000e+00	0.00000000000000e+00	0.00000000000000e+00	0.00000000000000e+00
1.00000000000000e+00	0.00000000000000e+00	0.00000000000000e+00	0.00000000000000e+00	0.00000000000000e+00	0.00000000000000e+00
1.00000000000000e+00	0.00000000000000e+00	0.00000000000000e+00	0.00000000000000e+00	0.00000000000000e+00	0.00000000000000e+00
1.00000000000000e+00	0.00000000000000e+00	0.00000000000000e+00	0.00000000000000e+00	0.00000000000000e+00	0.00000000000000e+00
1.00000000000000e+00	0.00000000000000e+00	0.00000000000000e+00	0.00000000000000e+00	0.00000000000000e+00	0.00000000000000e+00
1.00000000000000e+00	0.00000000000000e+00	0.00000000000000e+00	0.00000000000000e+00	0.00000000000000e+00	0.00000000000000e+00
1.00000000000000e+00	0.00000000000000e+00	0.00000000000000e+00	0.00000000000000e+00	0.00000000000000e+00	0.00000000000000e+00
1.00000000000000e+00	0.00000000000000e+00	0.00000000000000e+00	0.00000000000000e+00	0.00000000000000e+00	0.00000000000000e+00
1.00000000000000e+00	0.00000000000000e+00	0.00000000000000e+00	0.00000000000000e+00	0.00000000000000e+00	0.00000000000000e+00
1.00000000000000e+00	0.00000000000000e+00	0.00000000000000e+00	0.00000000000000e+00	0.00000000000000e+00	0.00000000000000e+00
1.00000000000000e+00	0.00000000000000e+00	0.00000000000000e+00	0.00000000000000e+00	0.00000000000000e+00	0.00000000000000e+00
1.00000000000000e+00	0.00000000000000e+00	0.00000000000000e+00	0.00000000000000e+00	0.00000000000000e+00	0.00000000000000e+00
1.00000000000000e+00	0.00000000000000e+00	0.00000000000000e+00	0.00000000000000e+00	0.00000000000000e+00	0.00000000000000e+00
1.00000000000000e+00	0.00000000000000e+00	0.00000000000000e+00	0.00000000000000e+00	0.00000000000000e+00	0.00000000000000e+00
1.00000000000000e+00	0.00000000000000e+00	0.00000000000000e+00	0.00000000000000e+00	0.00000000000000e+00	0.00000000000000e+00
1.00000000000000e+00	0.00000000000000e+00	0.00000000000000e+00	0.00000000000000e+00	0.00000000000000e+00	0.00000000000000e+00
1.00000000000000e+00	0.00000000000000e+00	0.00000000000000e+00	0.00000000000000e+00	0.00000000000000e+00	0.00000000000000e+00
1.00000000000000e+00	0.00000000000000e+00	0.00000000000000e+00	0.00000000000000e+00	0.00000000000000e+00	0.00000000000000e+00
1.00000000000000e+00	0.00000000000000e+00	0.00000000000000e+00	0.00000000000000e+00	0.00000000000000e+00	0.00000000000000e+00
1.00000000000000e+00	0.00000000000000e+00	0.00000000000000e+00	0.00000000000000e+00	0.00000000000000e+00	0.00000000000000e+00
1.00000000000000e+00	0.00000000000000e+00	0.00000000000000e+00	0.00000000000000e+00	0.00000000000000e+00	0.00000000000000e+00
1.00000000000000e+00	0.00000000000000e+00	0.00000000000000e+00	0.00000000000000e+00	0.00000000000000e+00	0.00000000000000e+00
1.00000000000000e+00	0.00000000000000e+00	0.00000000000000e+00	0.00000000000000e+00	0.00000000000000e+00	0.00000000000000e+00
1.00000000000000e+00	0.00000000000000e+00	0.00000000000000e+00	0.00000000000000e+00	0.00000000000000e+00	0.00000000000000e+00
1.00000000000000e+00	0.00000000000000e+00	0.00000000000000e+00	0.00000000000000e+00	0.00000000000000e+00	0.00000000000000e+00
1.00000000000000e+00	0.00000000000000e+00	0.00000000000000e+00	0.00000000000000e+00	0.00000000000000e+00	0.00000000000000e+00
 51.7
7.08669270076700e-01	2.68398957861500e-01	2.29317720617998e-02	7.96586222885515e+02	4.99017105517486e+01	7.15550537086979e-04
4.67277900007769e-01	2.07732756786732e-01	3.24989343205499e-01	5.84523694916027e+02	8.34237736959286e+02	1.20743526361064e+03
3.28516043670326e-01	2.36578915629422e-01	4.34905040700252e-01	5.84275739905070e+02	4.77839076792909e+02	5.37975814645776e+02
2.20332833733642e-01	2.95370718068085e-01	4.84296448198273e-01	3.44290146569097e+02	5.89793922090648e+02	4.19008124058851e+02
6.46199496725191e-01	1.52330223895866e-01	2.01470279378943e-01	2.25060804774344e+02	2.79977138713468e+02	1.69775367030299e+02
1.87331545081265e-01	4.15177441144332e-01	3.97491013774403e-01	7.68307799910198e+01	1.11153179460140e+02	1.42127828035001e+02
3.74012553596577e-01	2.63540101106401e-01	3.62447345297022e-01	5.04414308563308e+01	6.42805673764590e+01	3.86360098816282e+01
3.66852125069475e-01	2.98988107310931e-01	3.34159767619594e-01	1.96838008643437e+01	3.45634561476350e+01	2.60458078688253e+01
3.20932529989777e-01	2.30562150519114e-01	4.48505319491109e-01	1.37156929020436e+01	1.02377049479632e+01	1.81499348367652e+01
3.24010676119770e-01	1.49239320596811e-01	5.26750003283419e-01	7.34811905097810e+00	5.72199663825232e+00	8.87781992307686e+00
5.45295515144008e-01	2.66686925005957e-01	1.88017559850035e-01	3.65814570605477e+00	2.91494769242493e+00	4.88915515374819e+00
2.76002372474060e-01	4.30003041487878e-01	2.93994586038062e-01	2.31150863013743e+00	0.00000000000000e+00	1.53974093907171e+00
1.00000000000000e+00	0.00000000000000e+00	0.00000000000000e+00	0.00000000000000e+00	0.00000000000000e+00	0.00000000000000e+00
1.00000000000000e+00	0.00000000000000e+00	0.00000000000000e+00	0.00000000000000e+00	0.00000000000000e+00	0.00000000000000e+00
1.00000000000000e+00	0.00000000000000e+00	0.00000000000000e+00	0.00000000000000e+00	0.00000000000000e+00	0.00000000000000e+00
1.00000000000000e+00	0.00000000000000e+00	0.00000000000000e+00	0.00000000000000e+00	0.00000000000000e+00	0.00000000000000e+00
1.00000000000000e+00	0.00000000000000e+00	0.00000000000000e+00	0.00000000000000e+00	0.00000000000000e+00	0.00000000000000e+00
1.00000000000000e+00	0.00000000000000e+00	0.00000000000000e+00	0.00000000000000e+00	0.00000000000000e+00	0.00000000000000e+00
1.00000000000000e+00	0.00000000000000e+00	0.00000000000000e+00	0.00000000000000e+00	0.00000000000000e+00	0.00000000000000e+00
1.00000000000000e+00	0.00000000000000e+00	0.00000000000000e+00	0.00000000000000e+00	0.00000000000000e+00	0.00000000000000e+00
1.00000000000000e+00	0.00000000000000e+00	0.00000000000000e+00	0.00000000000000e+00	0.00000000000000e+00	0.00000000000000e+00
1.00000000000000e+00	0.00000000000000e+00	0.00000000000000e+00	0.00000000000000e+00	0.00000000000000e+00	0.00000000000000e+00
1.00000000000000e+00	0.00000000000000e+00	0.00000000000000e+00	0.00000000000000e+00	0.00000000000000e+00	0.00000000000000e+00
1.00000000000000e+00	0.00000000000000e+00	0.00000000000000e+00	0.00000000000000e+00	0.00000000000000e+00	0.00000000000000e+00
1.00000000000000e+00	0.00000000000000e+00	0.00000000000000e+00	0.00000000000000e+00	0.00000000000000e+00	0.00000000000000e+00
1.00000000000000e+00	0.00000000000000e+00	0.00000000000000e+00	0.00000000000000e+00	0.00000000000000e+00	0.00000000000000e+00
1.00000000000000e+00	0.00000000000000e+00	0.00000000000000e+00	0.00000000000000e+00	0.00000000000000e+00	0.00000000000000e+00
1.00000000000000e+00	0.00000000000000e+00	0.00000000000000e+00	0.00000000000000e+00	0.00000000000000e+00	0.00000000000000e+00
1.00000000000000e+00	0.00000000000000e+00	0.00000000000000e+00	0.00000000000000e+00	0.00000000000000e+00	0.00000000000000e+00
1.00000000000000e+00	0.00000000000000e+00	0.00000000000000e+00	0.00000000000000e+00	0.00000000000000e+00	0.00000000000000e+00
1.00000000000000e+00	0.00000000000000e+00	0.00000000000000e+00	0.00000000000000e+00	0.00000000000000e+00	0.00000000000000e+00
1.00000000000000e+00	0.00000000000000e+00	0.00000000000000e+00	0.00000000000000e+00	0.00000000000000e+00	0.00000000000000e+00
1.00000000000000e+00	0.00000000000000e+00	0.00000000000000e+00	0.00000000000000e+00	0.00000000000000e+00	0.00000000000000e+00
1.00000000000000e+00	0.00000000000000e+00	0.00000000000000e+00	0.00000000000000e+00	0.00000000000000e+00	0.00000000000000e+00
1.00000000000000e+00	0.00000000000000e+00	0.00000000000000e+00	0.00000000000000e+00	0.00000000000000e+00	0.00000000000000e+00
1.00000000000000e+00	0.00000000000000e+00	0.00000000000000e+00	0.00000000000000e+00	0.00000000000000e+00	0.00000000000000e+00
1.00000000000000e+00	0.00000000000000e+00	0.00000000000000e+00	0.00000000000000e+00	0.00000000000000e+00	0.00000000000000e+00
1.00000000000000e+00	0.00000000000000e+00	0.00000000000000e+00	0.00000000000000e+00	0.00000000000000e+00	0.00000000000000e+00
1.00000000000000e+00	0.00000000000000e+00	0.00000000000000e+00	0.00000000000000e+00	0.00000000000000e+00	0.00000000000000e+00
1.00000000000000e+00	0.00000000000000e+00	0.00000000000000e+00	0.00000000000000e+00	0.00000000000000e+00	0.00000000000000e+00
 66.7
6.92214980694192e-01	2.57124020310538e-02	2.82072617274754e-01	4.37253050325500e+02	7.23992280779217e-04	2.85665716958022e+01
2.79201703440888e-01	2.97064164381147e-01	4.23734132177965e-01	4.16853933079266e+02	5.78083765272396e+02	7.87112359640580e+02
4.10787866453645e-01	2.25130401626741e-01	3.64081731919614e-01	3.62870812196534e+02	3.39102465620761e+02	3.80696933696582e+02
3.10864947587763e-01	5.26766870374031e-01	1.62368182038206e-01	3.95872485656900e+02	3.10024337206098e+02	2.63650841878205e+02
2.69707437611025e-01	5.71135630307919e-01	1.59156932081056e-01	1.56190175207597e+02	1.92395869715465e+02	2.27575292492196e+02
4.54798526671993e-01	2.04442642521036e-01	3.40758830806971e-01	1.06161730259300e+02	7.58891100902540e+01	1.37648959768739e+02
2.74641188663801e-01	3.85492215597453e-01	3.39866595738747e-01	6.39512690961237e+01	4.96694507260268e+01	3.77780807016837e+01
3.15896313948781e-01	3.38556723113653e-01	3.45546962937566e-01	3.37783694732622e+01	1.99437777338181e+01	2.58086880971757e+01
2.53505074076990e-01	3.40222785594255e-01	4.06272140328755e-01	1.05359396208297e+01	1.75885294487607e+01	1.37065631051570e+01
4.18995483872414e-01	1.86583532042625e-01	3.94420984084962e-01	7.75567947394785e+00	6.15465472149177e+00	9.21342029234943e+00
2.53795007983383e-01	2.11500505663776e-01	5.34704486352840e-01	3.55495332137393e+00	5.38362083527230e+00	4.32429661266170e+00
2.36705983655104e-01	3.96436481265524e-01	3.66857535079372e-01	3.04716770282723e+00	2.24279583028943e+00	1.70798372040987e+00
3.83012266953921e-01	3.26983956611361e-01	2.90003776434718e-01	1.39733493327881e+00	9.42511921043810e-01	0.00000000000000e+00
1.00000000000000e+00	0.00000000000000e+00	0.00000000000000e+00	0.00000000000000e+00	0.00000000000000e+00	0.00000000000000e+00
1.00000000000000e+00	0.00000000000000e+00	0.00000000000000e+00	0.00000000000000e+00	0.00000000000000e+00	0.00000000000000e+00
1.00000000000000e+00	0.00000000000000e+00	0.00000000000000e+00	0.00000000000000e+00	0.00000000000000e+00	0.00000000000000e+00
1.00000000000000e+00	0.00000000000000e+00	0.00000000000000e+00	0.00000000000000e+00	0.00000000000000e+00	0.00000000000000e+00
1.00000000000000e+00	0.00000000000000e+00	0.00000000000000e+00	0.00000000000000e+00	0.00000000000000e+00	0.00000000000000e+00
1.00000000000000e+00	0.00000000000000e+00	0.00000000000000e+00	0.00000000000000e+00	0.00000000000000e+00	0.00000000000000e+00
1.00000000000000e+00	0.00000000000000e+00	0.00000000000000e+00	0.00000000000000e+00	0.00000000000000e+00	0.00000000000000e+00
1.00000000000000e+00	0.00000000000000e+00	0.00000000000000e+00	0.00000000000000e+00	0.00000000000000e+00	0.00000000000000e+00
1.00000000000000e+00	0.00000000000000e+00	0.00000000000000e+00	0.00000000000000e+00	0.00000000000000e+00	0.00000000000000e+00
1.00000000000000e+00	0.00000000000000e+00	0.00000000000000e+00	0.00000000000000e+00	0.00000000000000e+00	0.00000000000000e+00
1.00000000000000e+00	0.00000000000000e+00	0.00000000000000e+00	0.00000000000000e+00	0.00000000000000e+00	0.00000000000000e+00
1.00000000000000e+00	0.00000000000000e+00	0.00000000000000e+00	0.00000000000000e+00	0.00000000000000e+00	0.00000000000000e+00
1.00000000000000e+00	0.00000000000000e+00	0.00000000000000e+00	0.00000000000000e+00	0.00000000000000e+00	0.00000000000000e+00
1.00000000000000e+00	0.00000000000000e+00	0.00000000000000e+00	0.00000000000000e+00	0.00000000000000e+00	0.00000000000000e+00
1.00000000000000e+00	0.00000000000000e+00	0.00000000000000e+00	0.00000000000000e+00	0.00000000000000e+00	0.00000000000000e+00
1.00000000000000e+00	0.00000000000000e+00	0.00000000000000e+00	0.00000000000000e+00	0.00000000000000e+00	0.00000000000000e+00
1.00000000000000e+00	0.00000000000000e+00	0.00000000000000e+00	0.00000000000000e+00	0.00000000000000e+00	0.00000000000000e+00
1.00000000000000e+00	0.00000000000000e+00	0.00000000000000e+00	0.00000000000000e+00	0.00000000000000e+00	0.00000000000000e+00
1.00000000000000e+00	0.00000000000000e+00	0.00000000000000e+00	0.00000000000000e+00	0.00000000000000e+00	0.00000000000000e+00
1.00000000000000e+00	0.00000000000000e+00	0.00000000000000e+00	0.00000000000000e+00	0.00000000000000e+00	0.00000000000000e+00
1.00000000000000e+00	0.00000000000000e+00	0.00000000000000e+00	0.00000000000000e+00	0.00000000000000e+00	0.00000000000000e+00
1.00000000000000e+00	0.00000000000000e+00	0.00000000000000e+00	0.00000000000000e+00	0.00000000000000e+00	0.00000000000000e+00
1.00000000000000e+00	0.00000000000000e+00	0.00000000000000e+00	0.00000000000000e+00	0.00000000000000e+00	0.00000000000000e+00
1.00000000000000e+00	0.00000000000000e+00	0.00000000000000e+00	0.00000000000000e+00	0.00000000000000e+00	0.00000000000000e+00
1.00000000000000e+00	0.00000000000000e+00	0.00000000000000e+00	0.00000000000000e+00	0.00000000000000e+00	0.00000000000000e+00
1.00000000000000e+00	0.00000000000000e+00	0.00000000000000e+00	0.00000000000000e+00	0.00000000000000e+00	0.00000000000000e+00
1.00000000000000e+00	0.00000000000000e+00	0.00000000000000e+00	0.00000000000000e+00	0.00000000000000e+00	0.00000000000000e+00
 86.2
6.79481771419121e-01	2.90601217586372e-01	2.99170109945073e-02	2.46668718836909e+02	1.70054613231974e+01	6.07679066952648e-04
5.14038981914434e-01	3.23676475862973e-01	1.62284542222593e-01	5.26187603147238e+02	4.25657579925230e+02	3.34890496449645e+02
8.31747385855836e-02	3.98754874147616e-01	5.18070387266801e-01	3.01206633384096e+02	2.49975930791563e+02	2.69106475144515e+02
1.38467487875934e-01	5.36750035281709e-01	3.24782476842357e-01	2.07700382341388e+02	2.35312824255564e+02	2.75587770380907e+02
1.47442750370057e-01	3.46763337089139e-01	5.05793912540804e-01	1.89011726977153e+02	1.45250449479986e+02	1.67665241132474e+02
3.22035730040934e-01	4.68036815702140e-01	2.09927454256926e-01	1.33819180714843e+02	1.04379403399962e+02	7.84343696476573e+01
2.73560141374915e-01	3.81632362961633e-01	3.44807495663452e-01	6.72613645234022e+01	5.33056700182458e+01	4.17765583134919e+01
3.85370399677996e-01	3.13300571337119e-01	3.01329028984885e-01	2.89098399104197e+01	3.71702132709681e+01	2.25568466593973e+01
2.89907010467183e-01	2.87235236723334e-01	4.22857752809482e-01	1.21297679533222e+01	1.97730322140259e+01	1.54124468693361e+01
4.74910880742360e-01	2.89014162787119e-01	2.36074956470521e-01	8.71699199516411e+00	1.06301842014209e+01	7.02463116160191e+00
2.26090846238525e-01	5.21319632667807e-01	2.52589521093668e-01	6.20828528093211e+00	5.10569002340418e+00	4.23963026784782e+00
2.42739055308707e-01	3.22157851041920e-01	4.35103093649373e-01	3.72732339486129e+00	2.37561137738881e+00	2.94293442469350e+00
4.04722544895540e-01	3.05913719833464e-01	2.89363735270995e-01	1.59089842748635e+00	2.08034761798588e+00	1.21428040426915e+00
3.00086028575448e-02	4.27105162750253e-01	5.42886234392202e-01	0.00000000000000e+00	6.47341450369905e-01	9.85204411203357e-01
1.00000000000000e+00	0.00000000000000e+00	0.00000000000000e+00	0.00000000000000e+00	0.00000000000000e+00	0.00000000000000e+00
1.00000000000000e+00	0.00000000000000e+00	0.00000000000000e+00	0.00000000000000e+00	0.00000000000000e+00	0.00000000000000e+00
1.00000000000000e+00	0.00000000000000e+00	0.00000000000000e+00	0.00000000000000e+00	0.00000000000000e+00	0.00000000000000e+00
1.00000000000000e+00	0.00000000000000e+00	0.00000000000000e+00	0.00000000000000e+00	0.00000000000000e+00	0.00000000000000e+00
1.00000000000000e+00	0.00000000000000e+00	0.00000000000000e+00	0.00000000000000e+00	0.00000000000000e+00	0.00000000000000e+00
1.00000000000000e+00	0.00000000000000e+00	0.00000000000000e+00	0.00000000000000e+00	0.00000000000000e+00	0.00000000000000e+00
1.00000000000000e+00	0.00000000000000e+00	0.00000000000000e+00	0.00000000000000e+00	0.00000000000000e+00	0.00000000000000e+00
1.00000000000000e+00	0.00000000000000e+00	0.00000000000000e+00	0.00000000000000e+00	0.00000000000000e+00	0.00000000000000e+00
1.00000000000000e+00	0.00000000000000e+00	0.00000000000000e+00	0.00000000000000e+00	0.00000000000000e+00	0.00000000000000e+00
1.00000000000000e+00	0.00000000000000e+00	0.00000000000000e+00	0.00000000000000e+00	0.00000000000000e+00	0.00000000000000e+00
1.00000000000000e+00	0.00000000000000e+00	0.00000000000000e+00	0.00000000000000e+00	0.00000000000000e+00	0.00000000000000e+00
1.00000000000000e+00	0.00000000000000e+00	0.00000000000000e+00	0.00000000000000e+00	0.00000000000000e+00	0.00000000000000e+00
1.00000000000000e+00	0.00000000000000e+00	0.00000000000000e+00	0.00000000000000e+00	0.00000000000000e+00	0.00000000000000e+00
1.00000000000000e+00	0.00000000000000e+00	0.00000000000000e+00	0.00000000000000e+00	0.00000000000000e+00	0.00000000000000e+00
1.00000000000000e+00	0.00000000000000e+00	0.00000000000000e+00	0.00000000000000e+00	0.00000000000000e+00	0.00000000000000e+00
1.00000000000000e+00	0.00000000000000e+00	0.00000000000000e+00	0.00000000000000e+00	0.00000000000000e+00	0.00000000000000e+00
1.00000000000000e+00	0.00000000000000e+00	0.00000000000000e+00	0.00000000000000e+00	0.00000000000000e+00	0.00000000000000e+00
1.00000000000000e+00	0.00000000000000e+00	0.00000000000000e+00	0.00000000000000e+00	0.00000000000000e+00	0.00000000000000e+00
1.00000000000000e+00	0.00000000000000e+00	0.00000000000000e+00	0.00000000000000e+00	0.00000000000000e+00	0.00000000000000e+00
1.00000000000000e+00	0.00000000000000e+00	0.00000000000000e+00	0.00000000000000e+00	0.00000000000000e+00	0.00000000000000e+00
1.00000000000000e+00	0.00000000000000e+00	0.00000000000000e+00	0.00000000000000e+00	0.00000000000000e+00	0.00000000000000e+00
1.00000000000000e+00	0.00000000000000e+00	0.00000000000000e+00	0.00000000000000e+00	0.00000000000000e+00	0.00000000000000e+00
1.00000000000000e+00	0.00000000000000e+00	0.00000000000000e+00	0.00000000000000e+00	0.00000000000000e+00	0.00000000000000e+00
1.00000000000000e+00	0.00000000000000e+00	0.00000000000000e+00	0.00000000000000e+00	0.00000000000000e+00	0.00000000000000e+00
1.00000000000000e+00	0.00000000000000e+00	0.00000000000000e+00	0.00000000000000e+00	0.00000000000000e+00	0.00000000000000e+00
1.00000000000000e+00	0.00000000000000e+00	0.00000000000000e+00	0.00000000000000e+00	0.00000000000000e+00	0.00000000000000e+00
111.3
6.74268386848521e-01	3.25549246997687e-02	2.93176688451710e-01	1.42782982640780e+02	6.08797295894048e-04	1.01181072528701e+01
3.77263663465474e-01	4.93971325379641e-01	1.28765011154885e-01	3.29025587148858e+02	3.72714003998677e+02	2.86868041943972e+02
3.18821294839633e-01	5.65410624614215e-01	1.15768080546152e-01	2.15946266235501e+02	1.88468692258216e+02	2.59367885677203e+02
1.29866785844184e-01	3.51626851963275e-01	5.18506362192541e-01	1.67521520196878e+02	1.98944839588022e+02	1.82376105080516e+02
1.36361380693590e-01	4.14310100295174e-01	4.49328519011236e-01	1.58412461504439e+02	1.33876199148724e+02	1.46110014478530e+02
3.24356928773853e-01	2.10571868725127e-01	4.65071202501020e-01	1.27209426988723e+02	8.26046945018950e+01	1.03472511444086e+02
2.67117043766296e-01	3.38786473929943e-01	3.94096482303762e-01	7.27505093099540e+01	4.87119204673797e+01	5.96053174889863e+01
2.83781985428792e-01	4.12512643769294e-01	3.03705370801914e-01	2.76727787499872e+01	3.47057980368968e+01	4.36053130298962e+01
4.36088272758337e-01	2.74009486056504e-01	2.89902241185159e-01	1.91455198430818e+01	2.42786369986526e+01	1.52398822715155e+01
2.62451252611602e-01	2.74014483623805e-01	4.63534263764593e-01	8.78442648370758e+00	1.33852229961875e+01	1.08652766947507e+01
2.72132296402711e-01	2.60583388138101e-01	4.67284315459188e-01	5.32642885415892e+00	7.78549531389728e+00	6.44570073712429e+00
2.58722563059901e-01	4.35962151207774e-01	3.05315285732326e-01	4.74912574174162e+00	3.88789960041216e+00	3.21990499374979e+00
2.94118516121944e-01	2.81400045445238e-01	4.24481438432819e-01	1.88699727801297e+00	2.87434296233346e+00	2.32221759066084e+00
2.52907971261831e-01	4.37867655325872e-01	3.09224373412297e-01	1.07331241829265e+00	1.34750848981286e+00	1.67101898021156e+00
2.52934964317813e-01	4.55433887623627e-01	2.91631148058560e-01	5.84028308371524e-01	7.43276427420676e-01	9.37444785369663e-01
2.49105519032975e-01	2.60894177116697e-01	4.90000303850328e-01	5.04017904464375e-01	4.10154067247843e-01	0.00000000000000e+00
1.00000000000000e+00	0.00000000000000e+00	0.00000000000000e+00	0.00000000000000e+00	0.00000000000000e+00	0.00000000000000e+00
1.00000000000000e+00	0.00000000000000e+00	0.00000000000000e+00	0.00000000000000e+00	0.00000000000000e+00	0.00000000000000e+00
1.00000000000000e+00	0.00000000000000e+00	0.00000000000000e+00	0.00000000000000e+00	0.00000000000000e+00	0.00000000000000e+00
1.00000000000000e+00	0.00000000000000e+00	0.00000000000000e+00	0.00000000000000e+00	0.00000000000000e+00	0.00000000000000e+00
1.00000000000000e+00	0.00000000000000e+00	0.00000000000000e+00	0.00000000000000e+00	0.00000000000000e+00	0.00000000000000e+00
1.00000000000000e+00	0.00000000000000e+00	0.00000000000000e+00	0.00000000000000e+00	0.00000000000000e+00	0.00000000000000e+00
1.00000000000000e+00	0.00000000000000e+00	0.00000000000000e+00	0.00000000000000e+00	0.00000000000000e+00	0.00000000000000e+00
1.00000000000000e+00	0.00000000000000e+00	0.00000000000000e+00	0.00000000000000e+00	0.00000000000000e+00	0.00000000000000e+00
1.00000000000000e+00	0.00000000000000e+00	0.00000000000000e+00	0.00000000000000e+00	0.00000000000000e+00	0.00000000000000e+00
1.00000000000000e+00	0.00000000000000e+00	0.00000000000000e+00	0.00000000000000e+00	0.00000000000000e+00	0.00000000000000e+00
1.00000000000000e+00	0.00000000000000e+00	0.00000000000000e+00	0.00000000000000e+00	0.00000000000000e+00	0.00000000000000e+00
1.00000000000000e+00	0.00000000000000e+00	0.00000000000000e+00	0.00000000000000e+00	0.00000000000000e+00	0.00000000000000e+00
1.00000000000000e+00	0.00000000000000e+00	0.00000000000000e+00	0.00000000000000e+00	0.00000000000000e+00	0.00000000000000e+00
1.00000000000000e+00	0.00000000000000e+00	0.00000000000000e+00	0.00000000000000e+00	0.00000000000000e+00	0.00000000000000e+00
1.00000000000000e+00	0.00000000000000e+00	0.00000000000000e+00	0.00000000000000e+00	0.00000000000000e+00	0.00000000000000e+00
1.00000000000000e+00	0.00000000000000e+00	0.00000000000000e+00	0.00000000000000e+00	0.00000000000000e+00	0.00000000000000e+00
1.00000000000000e+00	0.00000000000000e+00	0.00000000000000e+00	0.00000000000000e+00	0.00000000000000e+00	0.00000000000000e+00
1.00000000000000e+00	0.00000000000000e+00	0.00000000000000e+00	0.00000000000000e+00	0.00000000000000e+00	0.00000000000000e+00
1.00000000000000e+00	0.00000000000000e+00	0.00000000000000e+00	0.00000000000000e+00	0.00000000000000e+00	0.00000000000000e+00
1.00000000000000e+00	0.00000000000000e+00	0.00000000000000e+00	0.00000000000000e+00	0.00000000000000e+00	0.00000000000000e+00
1.00000000000000e+00	0.00000000000000e+00	0.00000000000000e+00	0.00000000000000e+00	0.00000000000000e+00	0.00000000000000e+00
1.00000000000000e+00	0.00000000000000e+00	0.00000000000000e+00	0.00000000000000e+00	0.00000000000000e+00	0.00000000000000e+00
1.00000000000000e+00	0.00000000000000e+00	0.00000000000000e+00	0.00000000000000e+00	0.00000000000000e+00	0.00000000000000e+00
1.00000000000000e+00	0.00000000000000e+00	0.00000000000000e+00	0.00000000000000e+00	0.00000000000000e+00	0.00000000000000e+00
143.8
6.70827246232695e-01	2.92623685487177e-01	3.65490682801280e-02	8.62639924687469e+01	6.40322199474112e+00	5.18659590081584e-04
6.21319178223778e-01	1.01879622737483e-01	2.76801199038739e-01	2.78576134531231e+02	1.95833966342125e+02	2.41230164759093e+02
3.16071803990416e-01	4.41770281983196e-01	2.42157914026388e-01	1.92981620031301e+02	1.54807855394950e+02	2.41381268572362e+02
1.49712235998380e-01	4.93944942415260e-01	3.56342821586360e-01	1.39303890001805e+02	1.46445727448102e+02	1.52912794922196e+02
4.05381141399222e-01	4.26945811171822e-01	1.67673047428955e-01	1.22609610376503e+02	1.27436931967928e+02	1.34211861276273e+02
2.11437707505482e-01	4.52524860744303e-01	3.36037431750215e-01	8.64835966509758e+01	1.02143871168542e+02	1.19090484176005e+02
2.63657014780162e-01	3.31253369989342e-01	4.05089615230496e-01	7.86072067598382e+01	5.77166742791881e+01	6.72399670684994e+01
2.65889978784041e-01	4.36861659978048e-01	2.97248361237911e-01	3.50769743631693e+01	4.29754415889383e+01	5.23732139419836e+01
2.84021960880481e-01	4.41136215550672e-01	2.74841823568847e-01	2.06675154926785e+01	2.52925880854764e+01	3.11997215822832e+01
2.81114742184694e-01	2.64153142745481e-01	4.54732115069825e-01	1.21521256635410e+01	1.82973382454045e+01	1.48935051364749e+01
4.58390907429680e-01	2.70209507596386e-01	2.71399584973934e-01	8.95419174410913e+00	7.40228986130483e+00	1.08193583324658e+01
4.50409539006916e-01	2.89119899163974e-01	2.60470561829110e-01	5.48615963967039e+00	4.57007505898749e+00	6.62167317128071e+00
2.76649080525874e-01	2.87900551846746e-01	4.35450367627380e-01	2.81540139676340e+00	4.09942982459382e+00	3.40218609765987e+00
2.72003127960893e-01	4.36289373474516e-01	2.91707498564591e-01	1.75639938167014e+00	2.11733780248964e+00	2.53333089208540e+00
2.90417069765586e-01	2.61320210640933e-01	4.48262719593482e-01	1.57785626681265e+00	1.08820620768777e+00	1.31298703505855e+00
2.75616052880225e-01	2.72841185231674e-01	4.51542761888100e-01	6.45619621607710e-01	9.69518919447253e-01	7.89903005094230e-01
2.69123090548702e-01	2.84936695922497e-01	4.45940213528801e-01	5.69058628595914e-01	3.57098034386486e-01	4.49862111644560e-01
1.27516640337365e-01	1.22483356529305e-01	7.50000003133330e-01	3.22869186512815e-01	2.95556692033395e-01	0.00000000000000e+00
1.00000000000000e+00	0.00000000000000e+00	0.00000000000000e+00	0.00000000000000e+00	0.00000000000000e+00	0.00000000000000e+00
1.00000000000000e+00	0.00000000000000e+00	0.00000000000000e+00	0.00000000000000e+00	0.00000000000000e+00	0.00000000000000e+00
1.00000000000000e+00	0.00000000000000e+00	0.00000000000000e+00	0.00000000000000e+00	0.00000000000000e+00	0.00000000000000e+00
1.00000000000000e+00	0.00000000000000e+00	0.00000000000000e+00	0.00000000000000e+00	0.00000000000000e+00	0.00000000000000e+00
1.00000000000000e+00	0.00000000000000e+00	0.00000000000000e+00	0.00000000000000e+00	0.00000000000000e+00	0.00000000000000e+00
1.00000000000000e+00	0.00000000000000e+00	0.00000000000000e+00	0.00000000000000e+00	0.00000000000000e+00	0.00000000000000e+00
1.00000000000000e+00	0.00000000000000e+00	0.00000000000000e+00	0.00000000000000e+00	0.00000000000000e+00	0.00000000000000e+00
1.00000000000000e+00	0.00000000000000e+00	0.00000000000000e+00	0.00000000000000e+00	0.00000000000000e+00	0.00000000000000e+00
1.00000000000000e+00	0.00000000000000e+00	0.00000000000000e+00	0.00000000000000e+00	0.00000000000000e+00	0.00000000000000e+00
1.00000000000000e+00	0.00000000000000e+00	0.00000000000000e+00	0.00000000000000e+00	0.00000000000000e+00	0.00000000000000e+00
1.00000000000000e+00	0.00000000000000e+00	0.00000000000000e+00	0.00000000000000e+00	0.00000000000000e+00	0.00000000000000e+00
1.00000000000000e+00	0.00000000000000e+00	0.00000000000000e+00	0.00000000000000e+00	0.00000000000000e+00	0.00000000000000e+00
1.00000000000000e+00	0.00000000000000e+00	0.00000000000000e+00	0.00000000000000e+00	0.00000000000000e+00	0.00000000000000e+00
1.00000000000000e+00	0.00000000000000e+00	0.00000000000000e+00	0.00000000000000e+00	0.00000000000000e+00	0.00000000000000e+00
1.00000000000000e+00	0.00000000000000e+00	0.00000000000000e+00	0.00000000000000e+00	0.00000000000000e+00	0.00000000000000e+00
1.00000000000000e+00	0.00000000000000e+00	0.00000000000000e+00	0.00000000000000e+00	0.00000000000000e+00	0.00000000000000e+00
1.00000000000000e+00	0.00000000000000e+00	0.00000000000000e+00	0.00000000000000e+00	0.00000000000000e+00	0.00000000000000e+00
1.00000000000000e+00	0.00000000000000e+00	0.00000000000000e+00	0.00000000000000e+00	0.00000000000000e+00	0.00000000000000e+00
1.00000000000000e+00	0.00000000000000e+00	0.00000000000000e+00	0.00000000000000e+00	0.00000000000000e+00	0.00000000000000e+00
1.00000000000000e+00	0.00000000000000e+00	0.00000000000000e+00	0.00000000000000e+00	0.00000000000000e+00	0.00000000000000e+00
1.00000000000000e+00	0.00000000000000e+00	0.00000000000000e+00	0.00000000000000e+00	0.00000000000000e+00	0.00000000000000e+00
1.00000000000000e+00	0.00000000000000e+00	0.00000000000000e+00	0.00000000000000e+00	0.00000000000000e+00	0.00000000000000e+00
185.7
6.69997981078184e-01	4.04936505710482e-02	2.89508368350767e-01	5.43403135445209e+01	4.48415788105655e-04	4.18856997984307e+00
3.02686449757382e-01	5.64428422143846e-01	1.32885128098772e-01	1.71857768484573e+02	2.20482492320454e+02	1.28669478265358e+02
3.62038757860027e-01	2.68698480563163e-01	3.69262761576809e-01	1.75045179481504e+02	1.40832548796803e+02	2.13637379971491e+02
1.86246442283904e-01	4.50620635229327e-01	3.63132922486770e-01	1.31856441944696e+02	1.24157121927914e+02	1.19004482828117e+02
2.57473686845477e-01	3.72962213707402e-01	3.69564099447120e-01	1.15357340155536e+02	1.12111587633330e+02	1.12108113551235e+02
2.11247815536983e-01	4.32302442934044e-01	3.56449741528974e-01	8.89066669469494e+01	9.94926982811065e+01	1.10271713676325e+02
4.23697925075417e-01	2.62258869818266e-01	3.14043205106317e-01	7.43459790610876e+01	8.32059865160316e+01	6.67817488739490e+01
4.40522055294184e-01	3.04371447017161e-01	2.55106497688655e-01	5.28015531501784e+01	6.18381676055914e+01	4.47075069242165e+01
4.45218008815822e-01	2.79053952890044e-01	2.75728038294135e-01	3.40047566241689e+01	2.86676166591656e+01	4.05767762802131e+01
2.77536446608537e-01	4.44879097544998e-01	2.77584455846465e-01	2.57907582837622e+01	2.15102812352493e+01	1.79190413809775e+01
2.69534243546864e-01	4.52402030426544e-01	2.78063726026592e-01	1.11427507735360e+01	1.34128351187556e+01	1.61058456011914e+01
2.85226487413056e-01	2.72681428013372e-01	4.42092084573572e-01	7.01481988193251e+00	1.00230229960607e+01	8.37548225637088e+00
2.80673296812801e-01	4.35748649152173e-01	2.83578054035027e-01	6.34471130494692e+00	5.36159310193457e+00	4.52165304529924e+00
2.78558997017952e-01	2.82871066245556e-01	4.38569936736493e-01	2.92576996944913e+00	4.10370932090968e+00	3.46177294280990e+00
4.45128900527480e-01	2.78120478670356e-01	2.76750620802163e-01	2.23963379070657e+00	2.65507126967402e+00	1.89316432811255e+00
2.71948922864759e-01	2.69139996560789e-01	4.58911080574452e-01	1.22602418050811e+00	1.71596637912201e+00	1.45012567739459e+00
2.84216133519179e-01	2.66801594222391e-01	4.48982272258430e-01	1.10773206491468e+00	7.78410378493825e-01	9.28910728386136e-01
2.88995826899951e-01	4.39469078301277e-01	2.71535094798772e-01	7.00122472047238e-01	5.80017436574775e-01	4.79134036506403e-01
2.71753643832869e-01	4.44272373766340e-01	2.83973982400791e-01	2.81556989021633e-01	3.46934541778157e-01	4.26540254100420e-01
1.33994644955062e-01	1.36005351771393e-01	7.30000003273545e-01	2.56023660284407e-01	2.34719998114113e-01	0.00000000000000e+00
1.00000000000000e+00	0.00000000000000e+00	0.00000000000000e+00	0.00000000000000e+00	0.00000000000000e+00	0.00000000000000e+00
1.00000000000000e+00	0.00000000000000e+00	0.00000000000000e+00	0.00000000000000e+00	0.00000000000000e+00	0.00000000000000e+00
1.00000000000000e+00	0.00000000000000e+00	0.00000000000000e+00	0.00000000000000e+00	0.00000000000000e+00	0.00000000000000e+00
1.00000000000000e+00	0.00000000000000e+00	0.00000000000000e+00	0.00000000000000e+00	0.00000000000000e+00	0.00000000000000e+00
1.00000000000000e+00	0.00000000000000e+00	0.00000000000000e+00	0.00000000000000e+00	0.00000000000000e+00	0.00000000000000e+00
1.00000000000000e+00	0.00000000000000e+00	0.00000000000000e+00	0.00000000000000e+00	0.00000000000000e+00	0.00000000000000e+00
1.00000000000000e+00	0.00000000000000e+00	0.00000000000000e+00	0.00000000000000e+00	0.00000000000000e+00	0.00000000000000e+00
1.00000000000000e+00	0.00000000000000e+00	0.00000000000000e+00	0.00000000000000e+00	0.00000000000000e+00	0.00000000000000e+00
1.00000000000000e+00	0.00000000000000e+00	0.00000000000000e+00	0.00000000000000e+00	0.00000000000000e+00	0.00000000000000e+00
1.00000000000000e+00	0.00000000000000e+00	0.00000000000000e+00	0.00000000000000e+00	0.00000000000000e+00	0.00000000000000e+00
1.00000000000000e+00	0.00000000000000e+00	0.00000000000000e+00	0.00000000000000e+00	0.00000000000000e+00	0.00000000000000e+00
1.00000000000000e+00	0.00000000000000e+00	0.00000000000000e+00	0.00000000000000e+00	0.00000000000000e+00	0.00000000000000e+00
1.00000000000000e+00	0.00000000000000e+00	0.00000000000000e+00	0.00000000000000e+00	0.00000000000000e+00	0.00000000000000e+00
1.00000000000000e+00	0.00000000000000e+00	0.00000000000000e+00	0.00000000000000e+00	0.00000000000000e+00	0.00000000000000e+00
1.00000000000000e+00	0.00000000000000e+00	0.00000000000000e+00	0.00000000000000e+00	0.00000000000000e+00	0.00000000000000e+00
1.00000000000000e+00	0.00000000000000e+00	0.00000000000000e+00	0.00000000000000e+00	0.00000000000000e+00	0.00000000000000e+00
1.00000000000000e+00	0.00000000000000e+00	0.00000000000000e+00	0.00000000000000e+00	0.00000000000000e+00	0.00000000000000e+00
1.00000000000000e+00	0.00000000000000e+00	0.00000000000000e+00	0.00000000000000e+00	0.00000000000000e+00	0.00000000000000e+00
1.00000000000000e+00	0.00000000000000e+00	0.00000000000000e+00	0.00000000000000e+00	0.00000000000000e+00	0.00000000000000e+00
1.00000000000000e+00	0.00000000000000e+00	0.00000000000000e+00	0.00000000000000e+00	0.00000000000000e+00	0.00000000000000e+00
239.8
4.52691570871999e-02	2.85150817438810e-01	6.69580025473990e-01	3.91396370747305e-04	2.85116685956487e+00	3.58411719259955e+01
1.66896778491865e-01	4.66496026513048e-01	3.66607194995087e-01	8.72220119315442e+01	1.76404230360033e+02	1.27388406536521e+02
4.89124082381931e-01	1.77661845280378e-01	3.33214072337691e-01	1.86806213829180e+02	1.50859711168763e+02	1.68460972880060e+02
2.00618949325116e-01	4.29689697976496e-01	3.69691352698387e-01	1.40442837874084e+02	1.07384613128345e+02	1.21637796028928e+02
2.96362525282228e-01	3.51653868330774e-01	3.51983606386998e-01	1.03593156593488e+02	1.02141933532903e+02	1.02141871890776e+02
4.09462732909849e-01	3.85413212150166e-01	2.05124054939985e-01	9.61389730226754e+01	1.02140414633628e+02	8.99090458219300e+01
2.93454769752648e-01	4.42837623548266e-01	2.63707606699087e-01	7.48091746147668e+01	8.02112502871294e+01	8.62915244479622e+01
2.48566870490789e-01	3.14068977458975e-01	4.37364152050237e-01	5.56118102227832e+01	7.08200510403965e+01	6.29792463986618e+01
4.49366225380310e-01	2.78749923383874e-01	2.71883851235816e-01	4.49914454408109e+01	5.16051630140858e+01	3.93246149238238e+01
2.81410527325701e-01	2.75245217039478e-01	4.43344255634821e-01	3.61074238106766e+01	2.65412101252919e+01	3.09870897725034e+01
4.52642779080549e-01	2.68513041461781e-01	2.78844179457671e-01	2.06767129426582e+01	1.75885395385895e+01	2.42385613006095e+01
4.39147656619068e-01	2.78104268293230e-01	2.82748075087701e-01	1.35368903886364e+01	1.59900761735421e+01	1.14649653387121e+01
4.41003052364977e-01	2.75279192617081e-01	2.83717755017942e-01	8.88625130925866e+00	1.04211277691860e+01	7.56218404115106e+00
2.76454290260905e-01	4.44138444842925e-01	2.79407264896170e-01	6.90121886426680e+00	5.89039895099890e+00	5.04298090734479e+00
2.71529660218131e-01	4.46588606760366e-01	2.81881733021502e-01	4.60698468722126e+00	3.95239845027683e+00	3.39351795904323e+00
4.55168963321853e-01	2.77523957248636e-01	2.67307079429510e-01	2.65642871672142e+00	3.09735450521432e+00	2.27497113042874e+00
2.78169597169362e-01	4.39459652927030e-01	2.82370749903608e-01	2.08152028724010e+00	1.78509467334506e+00	1.52762696490565e+00
2.83458300204916e-01	4.39058085585630e-01	2.77483614209454e-01	1.39830306902065e+00	1.19998168483812e+00	1.02791176788166e+00
2.86902198403592e-01	4.42772290190930e-01	2.70325511405477e-01	9.39361836737765e-01	8.01711868099099e-01	6.84090744964921e-01
4.51106677575012e-01	2.70747776814066e-01	2.78145545610923e-01	5.24843079779096e-01	4.42615170077635e-01	6.21730844383412e-01
2.82130283595243e-01	4.48128595433459e-01	2.69741120971298e-01	3.98915314182555e-01	3.31449733162710e-01	2.75741273561156e-01
3.22933224760520e-01	3.07066436481256e-01	3.70000338758224e-01	2.44262154161914e-01	2.03277296129862e-01	0.00000000000000e+00
1.00000000000000e+00	0.00000000000000e+00	0.00000000000000e+00	0.00000000000000e+00	0.00000000000000e+00	0.00000000000000e+00
1.00000000000000e+00	0.00000000000000e+00	0.00000000000000e+00	0.00000000000000e+00	0.00000000000000e+00	0.00000000000000e+00
1.00000000000000e+00	0.00000000000000e+00	0.00000000000000e+00	0.00000000000000e+00	0.00000000000000e+00	0.00000000000000e+00
1.00000000000000e+00	0.00000000000000e+00	0.00000000000000e+00	0.00000000000000e+00	0.00000000000000e+00	0.00000000000000e+00
1.00000000000000e+00	0.00000000000000e+00	0.00000000000000e+00	0.00000000000000e+00	0.00000000000000e+00	0.00000000000000e+00
1.00000000000000e+00	0.00000000000000e+00	0.00000000000000e+00	0.00000000000000e+00	0.00000000000000e+00	0.00000000000000e+00
1.00000000000000e+00	0.00000000000000e+00	0.00000000000000e+00	0.00000000000000e+00	0.00000000000000e+00	0.00000000000000e+00
1.00000000000000e+00	0.00000000000000e+00	0.00000000000000e+00	0.00000000000000e+00	0.00000000000000e+00	0.00000000000000e+00
1.00000000000000e+00	0.00000000000000e+00	0.00000000000000e+00	0.00000000000000e+00	0.00000000000000e+00	0.00000000000000e+00
1.00000000000000e+00	0.00000000000000e+00	0.00000000000000e+00	0.00000000000000e+00	0.00000000000000e+00	0.00000000000000e+00
1.00000000000000e+00	0.00000000000000e+00	0.00000000000000e+00	0.00000000000000e+00	0.00000000000000e+00	0.00000000000000e+00
1.00000000000000e+00	0.00000000000000e+00	0.00000000000000e+00	0.00000000000000e+00	0.00000000000000e+00	0.00000000000000e+00
1.00000000000000e+00	0.00000000000000e+00	0.00000000000000e+00	0.00000000000000e+00	0.00000000000000e+00	0.00000000000000e+00
1.00000000000000e+00	0.00000000000000e+00	0.00000000000000e+00	0.00000000000000e+00	0.00000000000000e+00	0.00000000000000e+00
1.00000000000000e+00	0.00000000000000e+00	0.00000000000000e+00	0.00000000000000e+00	0.00000000000000e+00	0.00000000000000e+00
1.00000000000000e+00	0.00000000000000e+00	0.00000000000000e+00	0.00000000000000e+00	0.00000000000000e+00	0.00000000000000e+00
1.00000000000000e+00	0.00000000000000e+00	0.00000000000000e+00	0.00000000000000e+00	0.00000000000000e+00	0.00000000000000e+00
1.00000000000000e+00	0.00000000000000e+00	0.00000000000000e+00	0.00000000000000e+00	0.00000000000000e+00	0.00000000000000e+00
309.7
5.22622156742962e-02	6.64753791310445e-01	2.82983993015259e-01	2.80032075157332e-04	2.50036442387048e+01	2.11239656088171e+00
1.90877027121968e-01	4.11749260198206e-01	3.97373712679826e-01	6.08632468019893e+01	1.39569323218551e+02	9.46859827299446e+01
3.91714910202957e-01	4.17881186580802e-01	1.90403903216241e-01	1.64532758278629e+02	1.59603795810874e+02	1.52589528697903e+02
2.99594170317748e-01	2.94569300014465e-01	4.05836529667787e-01	1.43983239350710e+02	1.06097182760994e+02	1.23814588622682e+02
4.41528405529018e-01	4.29959084333761e-01	1.28512510137220e-01	9.64414425315094e+01	9.50615377931438e+01	1.00825140526352e+02
3.71629272664925e-01	2.26060432156081e-01	4.02310295178994e-01	9.55707380866383e+01	8.97581767020865e+01	9.31028719935743e+01
2.76363454229996e-01	4.59027370169098e-01	2.64609175600905e-01	8.08879958343316e+01	8.42152051515568e+01	8.77022872322028e+01
2.41666727010765e-01	4.33165835668891e-01	3.25167437320343e-01	6.63141025139993e+01	7.21799216780340e+01	7.81407017083978e+01
2.64120941450333e-01	4.52187328566531e-01	2.83691729983136e-01	5.17428527878149e+01	5.70423789228871e+01	6.28946352864356e+01
4.40749797334299e-01	2.89614182001781e-01	2.69636020663920e-01	4.30518177324300e+01	4.85392730015537e+01	3.80934183726310e+01
2.66994697753906e-01	2.84562734854791e-01	4.48442567391304e-01	2.72431945889200e+01	3.54165998836042e+01	3.10899710202534e+01
2.79436126912336e-01	2.79100915714142e-01	4.41462957373522e-01	1.89572454597233e+01	2.51542868913146e+01	2.18366580302037e+01
2.82951789223572e-01	4.44910310822795e-01	2.72137899953633e-01	1.74466129403509e+01	1.51039354160008e+01	1.30487247769220e+01
2.75689460393456e-01	4.42380297493055e-01	2.81930242113489e-01	1.19826442788109e+01	1.03413800103280e+01	8.94649730209916e+00
2.75595114111379e-01	4.46250746089493e-01	2.78154139799129e-01	8.23014208528513e+00	7.14149709045109e+00	6.20107416322188e+00
2.74259115910743e-01	4.51491412934526e-01	2.74249471154732e-01	5.71167795131107e+00	4.96923512084948e+00	4.32056672253482e+00
2.77971189229064e-01	4.45172600722434e-01	2.76856210048502e-01	3.98655277833254e+00	3.47200202283508e+00	3.01504136712961e+00
2.80503888537255e-01	4.36487010455296e-01	2.83009101007449e-01	2.09821941945060e+00	2.41804139855633e+00	2.78258742657440e+00
2.78475118323375e-01	2.82453261694348e-01	4.39071619982278e-01	1.93397603094254e+00	1.46271777945342e+00	1.68049200059351e+00
2.76081621395476e-01	4.47980845076403e-01	2.75937533528121e-01	1.35092530316786e+00	1.17752084916478e+00	1.02769107654282e+00
2.73462351793708e-01	2.69758881349244e-01	4.56778766857048e-01	9.47254257390306e-01	7.13036486311603e-01	8.22340487554648e-01
2.68729210850406e-01	4.45761136442986e-01	2.85509652706607e-01	4.85392396891386e-01	5.64064673648833e-01	6.54964729631194e-01
2.75963811221404e-01	2.87838349507801e-01	4.36197839270794e-01	3.22321359249710e-01	4.43844899530595e-01	3.78746405957997e-01
4.46401605789783e-01	2.86468299100592e-01	2.67130095109625e-01	2.46749702635169e-01	2.92388826455677e-01	2.07821533360206e-01
1.93537378741764e-01	6.10000022060641e-01	1.96462599197595e-01	1.90475364626141e-01	0.00000000000000e+00	1.71904726497174e-01
1.00000000000000e+00	0.00000000000000e+00	0.00000000000000e+00	0.00000000000000e+00	0.00000000000000e+00	0.00000000000000e+00
1.00000000000000e+00	0.00000000000000e+00	0.00000000000000e+00	0.00000000000000e+00	0.00000000000000e+00	0.00000000000000e+00
1.00000000000000e+00	0.00000000000000e+00	0.00000000000000e+00	0.00000000000000e+00	0.00000000000000e+00	0.00000000000000e+00
1.00000000000000e+00	0.00000000000000e+00	0.00000000000000e+00	0.00000000000000e+00	0.00000000000000e+00	0.00000000000000e+00
1.00000000000000e+00	0.00000000000000e+00	0.00000000000000e+00	0.00000000000000e+00	0.00000000000000e+00	0.00000000000000e+00
1.00000000000000e+00	0.00000000000000e+00	0.00000000000000e+00	0.00000000000000e+00	0.00000000000000e+00	0.00000000000000e+00
1.00000000000000e+00	0.00000000000000e+00	0.00000000000000e+00	0.00000000000000e+00	0.00000000000000e+00	0.00000000000000e+00
1.00000000000000e+00	0.00000000000000e+00	0.00000000000000e+00	0.00000000000000e+00	0.00000000000000e+00	0.00000000000000e+00
1.00000000000000e+00	0.00000000000000e+00	0.00000000000000e+00	0.00000000000000e+00	0.00000000000000e+00	0.00000000000000e+00
1.00000000000000e+00	0.00000000000000e+00	0.00000000000000e+00	0.00000000000000e+00	0.00000000000000e+00	0.00000000000000e+00
1.00000000000000e+00	0.00000000000000e+00	0.00000000000000e+00	0.00000000000000e+00	0.00000000000000e+00	0.00000000000000e+00
1.00000000000000e+00	0.00000000000000e+00	0.00000000000000e+00	0.00000000000000e+00	0.00000000000000e+00	0.00000000000000e+00
1.00000000000000e+00	0.00000000000000e+00	0.00000000000000e+00	0.00000000000000e+00	0.00000000000000e+00	0.00000000000000e+00
1.00000000000000e+00	0.00000000000000e+00	0.00000000000000e+00	0.00000000000000e+00	0.00000000000000e+00	0.00000000000000e+00
1.00000000000000e+00	0.00000000000000e+00	0.00000000000000e+00	0.00000000000000e+00	0.00000000000000e+00	0.00000000000000e+00
400.0
6.69077873810285e-01	5.21663518365278e-02	2.78755774353187e-01	1.79337956977491e+01	3.07869160029432e-04	1.48380294956836e+00
4.12803935939329e-01	2.08294117511368e-01	3.78901946549302e-01	7.09895967631665e+01	4.38442593038710e+01	1.09397245243534e+02
1.24018041955297e-01	2.79240161977761e-01	5.96741796066942e-01	1.25622059232581e+02	1.37632037320900e+02	1.48991081691523e+02
2.14074699634906e-01	3.80401642376283e-01	4.05523657988811e-01	1.13798341328260e+02	1.44358072561180e+02	1.28889163925494e+02
5.04654850773338e-01	1.51210551248282e-01	3.44134597978380e-01	9.21572404777625e+01	1.07224401933950e+02	9.87207935050716e+01
3.39713728908548e-01	3.29887972342366e-01	3.30398298749086e-01	8.91333145723657e+01	9.04718252518910e+01	9.09896401647222e+01
3.35818055738329e-01	3.34448081224269e-01	3.29733863037402e-01	8.53721519103748e+01	8.68463689720685e+01	8.80349020943462e+01
2.33666478300850e-01	3.42085512486961e-01	4.24248009212189e-01	7.58520911006108e+01	8.36266724692300e+01	7.97828985732993e+01
2.88927232660353e-01	4.54363449798373e-01	2.56709317541273e-01	7.33924924700480e+01	6.88575876375551e+01	6.45377399264375e+01
2.65467701026346e-01	4.39253547879201e-01	2.95278751094453e-01	5.18577731641636e+01	5.66652182790583e+01	6.17763311891635e+01
2.63459451202363e-01	4.47327494975857e-01	2.89213053821780e-01	4.03025204980227e+01	4.45270077020496e+01	4.91283671940959e+01
2.75356518313655e-01	4.39903466201217e-01	2.84740015485128e-01	3.01795732402434e+01	3.38236698972478e+01	3.78756315310263e+01
4.47915559878889e-01	2.81832425149877e-01	2.70252014971234e-01	2.50447613036382e+01	2.82060182799386e+01	2.22096065786824e+01
4.41588352498013e-01	2.74232127138099e-01	2.84179520363888e-01	1.81942558179659e+01	1.60129955322646e+01	2.06737291871876e+01
4.43451253049026e-01	2.82982837607752e-01	2.73565909343221e-01	1.30337899920062e+01	1.14393059142573e+01	1.48487873935807e+01
2.76515387650492e-01	4.47468285795052e-01	2.76016326554456e-01	8.24969153138300e+00	9.35475571922001e+00	1.06225118889622e+01
2.76509970405413e-01	4.46897923330458e-01	2.76592106264129e-01	5.96347421344844e+00	6.75957935730213e+00	7.65870682511663e+00
2.78858748888621e-01	4.46577571788505e-01	2.74563679322874e-01	5.54762100674945e+00	4.89976967731170e+00	4.31899820449290e+00
4.37880332339562e-01	2.78357503463306e-01	2.83762164197132e-01	3.54262678697646e+00	3.12062143112745e+00	4.01785406154051e+00
2.80508108899837e-01	2.80738499310042e-01	4.38753391790120e-01	2.89615623306452e+00	2.23542199238603e+00	2.54228378771592e+00
2.82388636577346e-01	2.70734772334605e-01	4.46876591088049e-01	1.61969698844985e+00	2.07720453300745e+00	1.83141044466485e+00
4.56532250419712e-01	2.70129832266468e-01	2.73337917313820e-01	1.33258338317679e+00	1.50619094510304e+00	1.17943968035949e+00
2.73297129388863e-01	2.81839776465744e-01	4.44863094145393e-01	8.56753680609294e-01	1.09738286529733e+00	9.70854923104392e-01
2.83072514030608e-01	4.41935639563295e-01	2.74991846406097e-01	7.96623728752835e-01	7.00833505971641e-01	6.14576051576274e-01
2.83063646308109e-01	2.72421942333885e-01	4.44514411358005e-01	5.69061413544429e-01	4.32456231445995e-01	4.95952026527070e-01
4.46340205597335e-01	2.77624844799348e-01	2.76034949603317e-01	3.44158328202515e-01	3.97899692004771e-01	2.97945786331690e-01
4.51814683422770e-01	2.71389636517178e-01	2.76795680060052e-01	2.34271026333586e-01	2.73574752555770e-01	2.01135896372636e-01
3.03123066152942e-01	2.86876808379697e-01	4.10000125467361e-01	1.82713375319127e-01	1.58538840707960e-01	0.00000000000000e+00
1.00000000000000e+00	0.00000000000000e+00	0.00000000000000e+00	0.00000000000000e+00	0.00000000000000e+00	0.00000000000000e+00
1.00000000000000e+00	0.00000000000000e+00	0.00000000000000e+00	0.00000000000000e+00	0.00000000000000e+00	0.00000000000000e+00
1.00000000000000e+00	0.00000000000000e+00	0.00000000000000e+00	0.00000000000000e+00	0.00000000000000e+00	0.00000000000000e+00
1.00000000000000e+00	0.00000000000000e+00	0.00000000000000e+00	0.00000000000000e+00	0.00000000000000e+00	0.00000000000000e+00
1.00000000000000e+00	0.00000000000000e+00	0.00000000000000e+00	0.00000000000000e+00	0.00000000000000e+00	0.00000000000000e+00
1.00000000000000e+00	0.00000000000000e+00	0.00000000000000e+00	0.00000000000000e+00	0.00000000000000e+00	0.00000000000000e+00
1.00000000000000e+00	0.00000000000000e+00	0.00000000000000e+00	0.00000000000000e+00	0.00000000000000e+00	0.00000000000000e+00
1.00000000000000e+00	0.00000000000000e+00	0.00000000000000e+00	0.00000000000000e+00	0.00000000000000e+00	0.00000000000000e+00
1.00000000000000e+00	0.00000000000000e+00	0.00000000000000e+00	0.00000000000000e+00	0.00000000000000e+00	0.00000000000000e+00
1.00000000000000e+00	0.00000000000000e+00	0.00000000000000e+00	0.00000000000000e+00	0.00000000000000e+00	0.00000000000000e+00
1.00000000000000e+00	0.00000000000000e+00	0.00000000000000e+00	0.00000000000000e+00	0.00000000000000e+00	0.00000000000000e+00
1.00000000000000e+00	0.00000000000000e+00	0.00000000000000e+00	0.00000000000000e+00	0.00000000000000e+00	0.00000000000000e+00
