  0.88791E+00  0.00000E+00  0.36069E+06
  0.94229E+00  0.19207E+01  0.35877E+06
  0.10000E+01  0.19496E+01  0.35682E+06
  0.10612E+01  0.19784E+01  0.35484E+06
  0.11262E+01  0.19784E+01  0.35286E+06
  0.11952E+01  0.20360E+01  0.35082E+06
  0.12684E+01  0.20360E+01  0.34879E+06
  0.13461E+01  0.21042E+01  0.34668E+06
  0.14285E+01  0.21042E+01  0.34458E+06
  0.15160E+01  0.21542E+01  0.34243E+06
  0.16089E+01  0.21542E+01  0.34027E+06
  0.17074E+01  0.21637E+01  0.33811E+06
  0.18120E+01  0.21637E+01  0.33594E+06
  0.19230E+01  0.22399E+01  0.33370E+06
  0.20407E+01  0.22399E+01  0.33146E+06
  0.21657E+01  0.22372E+01  0.32923E+06
  0.22984E+01  0.22372E+01  0.32699E+06
  0.24391E+01  0.23157E+01  0.32467E+06
  0.25885E+01  0.23157E+01  0.32236E+06
  0.27471E+01  0.23235E+01  0.32003E+06
  0.29153E+01  0.23235E+01  0.31771E+06
  0.30939E+01  0.23378E+01  0.31537E+06
  0.32833E+01  0.23378E+01  0.31304E+06
  0.34844E+01  0.23378E+01  0.31070E+06
  0.36978E+01  0.23378E+01  0.30836E+06
  0.39243E+01  0.23521E+01  0.30601E+06
  0.41647E+01  0.23521E+01  0.30366E+06
  0.44197E+01  0.23504E+01  0.30130E+06
  0.46904E+01  0.23505E+01  0.29895E+06
  0.49777E+01  0.23517E+01  0.29660E+06
  0.52825E+01  0.23517E+01  0.29425E+06
  0.56061E+01  0.23549E+01  0.29190E+06
  0.59494E+01  0.23549E+01  0.28954E+06
  0.63138E+01  0.23566E+01  0.28718E+06
  0.67005E+01  0.23566E+01  0.28483E+06
  0.71109E+01  0.23586E+01  0.28247E+06
  0.75464E+01  0.23586E+01  0.28011E+06
  0.80085E+01  0.23604E+01  0.27775E+06
  0.84990E+01  0.23604E+01  0.27539E+06
  0.90196E+01  0.23622E+01  0.27303E+06
  0.95720E+01  0.23622E+01  0.27067E+06
  0.10158E+02  0.23649E+01  0.26830E+06
  0.10780E+02  0.23649E+01  0.26594E+06
  0.11441E+02  0.23668E+01  0.26357E+06
  0.12141E+02  0.23667E+01  0.26120E+06
  0.12885E+02  0.23696E+01  0.25883E+06
  0.13674E+02  0.23696E+01  0.25646E+06
  0.14511E+02  0.23716E+01  0.25409E+06
  0.15400E+02  0.23716E+01  0.25172E+06
  0.16343E+02  0.23739E+01  0.24935E+06
  0.17344E+02  0.23739E+01  0.24697E+06
  0.18407E+02  0.23760E+01  0.24460E+06
  0.19534E+02  0.23760E+01  0.24222E+06
  0.20730E+02  0.23769E+01  0.23984E+06
  0.22000E+02  0.23769E+01  0.23747E+06
  0.23347E+02  0.23772E+01  0.23509E+06
  0.24777E+02  0.23772E+01  0.23271E+06
  0.26295E+02  0.23768E+01  0.23034E+06
  0.27905E+02  0.23768E+01  0.22796E+06
  0.29614E+02  0.23756E+01  0.22558E+06
  0.31428E+02  0.23756E+01  0.22321E+06
  0.33353E+02  0.23734E+01  0.22083E+06
  0.35396E+02  0.23734E+01  0.21846E+06
  0.37563E+02  0.23698E+01  0.21609E+06
  0.39864E+02  0.23698E+01  0.21372E+06
  0.42305E+02  0.23656E+01  0.21136E+06
  0.44896E+02  0.23656E+01  0.20899E+06
  0.47646E+02  0.23600E+01  0.20663E+06
  0.50564E+02  0.23600E+01  0.20427E+06
  0.53661E+02  0.23530E+01  0.20192E+06
  0.56948E+02  0.23530E+01  0.19956E+06
  0.60435E+02  0.23452E+01  0.19722E+06
  0.64137E+02  0.23452E+01  0.19487E+06
  0.68065E+02  0.23362E+01  0.19254E+06
  0.72233E+02  0.23362E+01  0.19020E+06
  0.76657E+02  0.23269E+01  0.18787E+06
  0.81352E+02  0.23269E+01  0.18555E+06
  0.86335E+02  0.23168E+01  0.18323E+06
  0.91622E+02  0.23168E+01  0.18091E+06
  0.97234E+02  0.23054E+01  0.17861E+06
  0.10319E+03  0.23054E+01  0.17630E+06
  0.10951E+03  0.22929E+01  0.17401E+06
  0.11622E+03  0.22929E+01  0.17172E+06
  0.12333E+03  0.22796E+01  0.16944E+06
  0.13089E+03  0.22796E+01  0.16716E+06
  0.13890E+03  0.22652E+01  0.16489E+06
  0.14741E+03  0.22652E+01  0.16263E+06
  0.15644E+03  0.22502E+01  0.16038E+06
  0.16602E+03  0.22502E+01  0.15813E+06
  0.17619E+03  0.22334E+01  0.15589E+06
  0.18698E+03  0.22333E+01  0.15366E+06
  0.19843E+03  0.22159E+01  0.15144E+06
  0.21058E+03  0.22159E+01  0.14923E+06
  0.22348E+03  0.21945E+01  0.14703E+06
  0.23717E+03  0.21945E+01  0.14484E+06
  0.25169E+03  0.21747E+01  0.14266E+06
  0.26711E+03  0.21747E+01  0.14049E+06
  0.28347E+03  0.21519E+01  0.13834E+06
  0.30083E+03  0.21519E+01  0.13619E+06
  0.31925E+03  0.21436E+01  0.13404E+06
  0.33880E+03  0.21436E+01  0.13190E+06
  0.35955E+03  0.21217E+01  0.12978E+06
  0.38158E+03  0.21217E+01  0.12766E+06
  0.40495E+03  0.20993E+01  0.12556E+06
  0.42975E+03  0.20993E+01  0.12346E+06
  0.45607E+03  0.20692E+01  0.12139E+06
  0.48400E+03  0.20692E+01  0.11932E+06
  0.51364E+03  0.20512E+01  0.11727E+06
  0.54510E+03  0.20512E+01  0.11522E+06
  0.57848E+03  0.20255E+01  0.11319E+06
  0.61391E+03  0.20255E+01  0.11117E+06
  0.65151E+03  0.19946E+01  0.10917E+06
  0.69141E+03  0.19946E+01  0.10718E+06
  0.73376E+03  0.19350E+01  0.10524E+06
  0.77870E+03  0.19350E+01  0.10331E+06
  0.82639E+03  0.19027E+01  0.10140E+06
  0.87700E+03  0.19027E+01  0.99500E+05
  0.93072E+03  0.18846E+01  0.97616E+05
  0.98772E+03  0.18846E+01  0.95731E+05
  0.10482E+04  0.18538E+01  0.93877E+05
  0.11124E+04  0.18538E+01  0.92024E+05
  0.11805E+04  0.18119E+01  0.90212E+05
  0.12528E+04  0.18119E+01  0.88400E+05
  0.13296E+04  0.17855E+01  0.86614E+05
  0.14110E+04  0.17855E+01  0.84829E+05
  0.14974E+04  0.17376E+01  0.83091E+05
  0.15891E+04  0.17376E+01  0.81354E+05
  0.16865E+04  0.16800E+01  0.79673E+05
  0.17897E+04  0.16800E+01  0.77993E+05
  0.18994E+04  0.16181E+01  0.76375E+05
  0.20157E+04  0.16181E+01  0.74757E+05
  0.21391E+04  0.15439E+01  0.73213E+05
  0.22702E+04  0.15439E+01  0.71669E+05
  0.24092E+04  0.14635E+01  0.70206E+05
  0.25567E+04  0.14635E+01  0.68742E+05
  0.27133E+04  0.13447E+01  0.67398E+05
  0.28795E+04  0.13447E+01  0.66053E+05
  0.30559E+04  0.12109E+01  0.64842E+05
  0.32430E+04  0.12109E+01  0.63631E+05
  0.34416E+04  0.10889E+01  0.62542E+05
  0.36524E+04  0.10889E+01  0.61453E+05
  0.38761E+04  0.10202E+01  0.60433E+05
  0.41135E+04  0.10202E+01  0.59413E+05
  0.43654E+04  0.98266E+00  0.58430E+05
  0.46328E+04  0.98265E+00  0.57448E+05
  0.49166E+04  0.96101E+00  0.56487E+05
  0.52177E+04  0.96101E+00  0.55526E+05
  0.55372E+04  0.94634E+00  0.54579E+05
  0.58764E+04  0.94636E+00  0.53633E+05
  0.62363E+04  0.93361E+00  0.52699E+05
  0.66182E+04  0.93362E+00  0.51766E+05
  0.70235E+04  0.92889E+00  0.50837E+05
  0.74537E+04  0.92888E+00  0.49908E+05
  0.79102E+04  0.92615E+00  0.48982E+05
  0.83946E+04  0.92614E+00  0.48056E+05
  0.89088E+04  0.92071E+00  0.47135E+05
  0.94544E+04  0.92071E+00  0.46214E+05
  0.10033E+05  0.92111E+00  0.45293E+05
  0.10648E+05  0.92113E+00  0.44372E+05
  0.11300E+05  0.92068E+00  0.43451E+05
  0.11992E+05  0.92069E+00  0.42531E+05
  0.12727E+05  0.92047E+00  0.41610E+05
  0.13506E+05  0.92046E+00  0.40690E+05
  0.14333E+05  0.92177E+00  0.39768E+05
  0.15211E+05  0.92175E+00  0.38846E+05
  0.16143E+05  0.92249E+00  0.37924E+05
  0.17131E+05  0.92249E+00  0.37001E+05
  0.18181E+05  0.92595E+00  0.36075E+05
  0.19294E+05  0.92597E+00  0.35149E+05
  0.20476E+05  0.93050E+00  0.34219E+05
  0.21730E+05  0.93052E+00  0.33288E+05
  0.23061E+05  0.93517E+00  0.32353E+05
  0.24473E+05  0.93515E+00  0.31418E+05
  0.25972E+05  0.94248E+00  0.30475E+05
  0.27563E+05  0.94247E+00  0.29533E+05
  0.29251E+05  0.95090E+00  0.28582E+05
  0.31042E+05  0.95090E+00  0.27631E+05
  0.32943E+05  0.96130E+00  0.26670E+05
  0.34961E+05  0.96131E+00  0.25709E+05
  0.37102E+05  0.97373E+00  0.24735E+05
  0.39374E+05  0.97374E+00  0.23761E+05
  0.41786E+05  0.98585E+00  0.22775E+05
  0.44345E+05  0.98584E+00  0.21789E+05
  0.47061E+05  0.10017E+01  0.20788E+05
  0.49943E+05  0.10017E+01  0.19786E+05
  0.53002E+05  0.10165E+01  0.18769E+05
  0.56248E+05  0.10165E+01  0.17753E+05
  0.59693E+05  0.10342E+01  0.16719E+05
  0.63349E+05  0.10342E+01  0.15685E+05
  0.67229E+05  0.10526E+01  0.14632E+05
  0.71346E+05  0.10526E+01  0.13579E+05
  0.75716E+05  0.10712E+01  0.12508E+05
  0.80353E+05  0.10711E+01  0.11437E+05
  0.85275E+05  0.10921E+01  0.10345E+05
  0.90497E+05  0.10921E+01  0.92527E+04
  0.96040E+05  0.11146E+01  0.81381E+04
  0.10192E+06  0.11147E+01  0.70234E+04
  0.10816E+06  0.11409E+01  0.58825E+04
  0.11479E+06  0.11410E+01  0.47415E+04
  0.12182E+06  0.11688E+01  0.35727E+04
  0.12928E+06  0.11688E+01  0.24039E+04
  0.13720E+06  0.12020E+01  0.12020E+04
  0.14560E+06  0.12020E+01  0.00000E+00
